,Inhibition,Activation,Total
Raphanus sativus,106,11,117
Heliothis virescens,16,4,20
Thermoanaerobacter mathranii,2,0,2
Fasciola hepatica,90,16,106
Burkholderia caryophylli,5,1,6
Microcystis aeruginosa,17,0,17
Shewanella putrefaciens,7,0,7
Haloarcula japonica,1,0,1
Natrialba magadii,4,0,4
Wolinella succinogenes,8,1,9
Ambystoma tigrinum,1,0,1
Bromus inermis,0,5,5
Saduria entomon,1,0,1
Betula pendula,0,1,1
Oxyuranus scutellatus,11,3,14
Pelodiscus sinensis,1,0,1
Semotilus atromaculatus,0,1,1
Cobetia marina,10,0,10
Pituophis deppei,1,0,1
Streptococcus pyogenes,167,6,173
Acidithiobacillus ferrooxidans,58,14,72
Anoxybacillus gonensis,3,0,3
Bitis gabonica,4,0,4
Vibrio vulnificus,10,2,12
Pseudonaja textilis,1,1,2
Janthinobacterium lividum,22,9,31
Burkholderia vietnamiensis,4,0,4
Xanthoria parietina,2,0,2
Neosartorya fischeri,28,3,31
Bungarus fasciatus,12,0,12
Myxine glutinosa,6,0,6
Hydrogenobacter thermophilus,7,4,11
Desulfurococcus kamchatkensis,3,0,3
Acidothermus cellulolyticus,1,0,1
Proteus mirabilis,65,1,66
Cryptococcus laurentii,47,5,52
Alligator mississippiensis,2,1,3
Clostridium bolteae,1,0,1
Dicentrarchus labrax,45,3,48
Macaca fuscata,51,6,57
Xenorhabdus bovienii,1,0,1
Phaseolus coccineus,5,0,5
Pseudomonas pseudoalcaligenes,64,4,68
Esox lucius,1,0,1
Hyalophora cecropia,6,1,7
Scyllarides latus,3,2,5
Fluoribacter gormanii,8,0,8
Odontella sinensis,6,2,8
Secale cereale,72,15,87
Zavarzinia compransoris,0,1,1
Colwellia psychrerythraea,10,2,12
Withania somnifera,13,1,14
Phaseolus vulgaris,303,75,378
Gluconacetobacter liquefaciens,8,1,9
Oceanobacillus iheyensis,1,0,1
Streptomyces viridochromogenes,2,0,2
Paenibacillus polymyxa,27,1,28
Prunus cerasifera,1,1,2
Pseudomonas boreopolis,1,0,1
Syntrophus gentianae,1,0,1
Clostridium formicaceticum,5,0,5
Pelophylax ridibundus,21,7,28
Haemophilus aegyptius,9,0,9
Rhodococcus globerulus,21,15,36
Vibrio fluvialis,3,0,3
Streptomyces diastaticus,7,1,8
Cryptococcus neoformans,205,26,231
Azomonas insignis,1,0,1
Bromus madritensis,0,2,2
Polytrichum piliferum,2,0,2
Delftia acidovorans,73,9,82
Arthrobacter nicotinovorans,28,11,39
Populus tremula,1,0,1
Xanthomonas axonopodis,8,0,8
Torpedo californica,60,0,60
Macrobrachium malcolmsonii,0,1,1
Ginkgo biloba,7,7,14
Brevibacillus laterosporus,26,1,27
Fratercula arctica,1,0,1
Vinca major,1,0,1
Mullus barbatus,4,0,4
Vipera ammodytes ammodytes,11,1,12
Larix kaempferi,3,0,3
Agkistrodon contortrix,6,0,6
Astragalus racemosus,5,0,5
Microbacterium oxydans,2,0,2
Oryctolagus,21,0,21
Methylobacterium rhodesianum,5,0,5
Lolium rigidum,12,1,13
Xanthobacter agilis,4,0,4
Enterococcus faecium,159,7,166
Prunus armeniaca,15,4,19
Streptococcus gallolyticus,8,3,11
Lachesis muta muta,9,0,9
Decapterus maruadsi,5,1,6
Lumbriculus variegatus,9,0,9
Aeromonas caviae,13,16,29
Chlamydia suis,1,0,1
Urtica dioica,22,0,22
Hippoglossus stenolepis,1,0,1
Cetacea,1,0,1
Ignicoccus hospitalis,3,2,5
Thermococcus fumicolans,2,0,2
Cairina moschata,5,0,5
Prevotella bivia,4,0,4
Camelus dromedarius,56,7,63
Desulfobulbus propionicus,1,0,1
Hirudo medicinalis,2,0,2
Streptomyces nitrosporeus,1,0,1
Methyloversatilis universalis,0,1,1
Dioscorea cayenensis,11,1,12
Streptomyces anulatus,1,1,2
Vespula maculifrons,2,0,2
Drosera capensis,2,0,2
Mytilus galloprovincialis,21,9,30
Vitis vinifera,38,5,43
Clostridium septicum,1,0,1
Canis lupus,8,0,8
plant,1,2,3
Elymus repens,4,0,4
Aplysia californica,26,6,32
Musa acuminata,37,2,39
Satureja hortensis,1,0,1
Portulaca grandiflora,11,0,11
Cupriavidus necator,225,24,249
Caldicellulosiruptor bescii,4,0,4
Tatlockia micdadei,6,2,8
Pseudoalteromonas undina,6,2,8
Selenomonas ruminantium,48,5,53
Eleusine coracana,22,4,26
Dalbergia cochinchinensis,7,0,7
Sphingobium herbicidovorans,3,2,5
Ameiurus nebulosus,1,3,4
Bacteroides polypragmatus,1,3,4
Xanthomonas translucens,10,0,10
Microbacterium esteraromaticum,9,0,9
Thermosyntropha lipolytica,3,0,3
Glandularia x hybrida,3,0,3
Pseudomonas oryzihabitans,0,1,1
Solanum pimpinellifolium,0,1,1
Clostridium novyi,1,0,1
Daphnia magna,6,0,6
Paenibacillus curdlanolyticus,0,1,1
Pectobacterium carotovorum,47,17,64
Fusobacterium varium,3,1,4
Streptomyces virginiae,9,0,9
Albibacter methylovorans,2,1,3
Arthrobacter aurescens,55,0,55
Sphagnum fallax,3,0,3
Bactrocera dorsalis,7,0,7
Streptomyces morookaense,0,3,3
Coleataenia prionitis,1,0,1
Geobacillus thermoglucosidasius,28,3,31
Triticum turgidum,4,0,4
Zobellia galactanivorans,2,0,2
Burkholderia cepacia,114,12,126
Platichthys flesus,7,0,7
Zymomonas mobilis,163,15,178
Entamoeba histolytica,222,21,243
Halanaerobium praevalens,1,0,1
Ruegeria pomeroyi,19,0,19
Bifidobacterium longum,42,3,45
Ceramium deslongchampsii,0,1,1
Bartonella quintana,4,0,4
Fenneropenaeus chinensis,3,0,3
Marthasterias glacialis,27,2,29
Agkistrodon piscivorus leucostoma,3,0,3
Branchiostoma floridae,5,1,6
Paenibacillus woosongensis,8,1,9
Pyrodictium occultum,2,0,2
Digitalis purpurea,1,3,4
Ajuga reptans,0,2,2
Anaerobranca gottschalkii,8,1,9
Burkholderia cenocepacia,8,5,13
Thermoactinomyces vulgaris,33,15,48
Thauera chlorobenzoica,1,1,2
Sulfolobus shibatae,34,8,42
Taxus cuspidata,9,2,11
Virgibacillus halodenitrificans,1,0,1
Yersinia frederiksenii,4,0,4
Clostridium sphenoides,2,1,3
Montipora capitata,5,0,5
Gracilaria gracilis,4,0,4
Leuconostoc mesenteroides,135,11,146
Aminobacter aminovorans,32,3,35
Podiceps nigricollis,9,2,11
Pinus pinaster,2,1,3
Bromus kalmii,0,2,2
Clostridium kluyveri,64,8,72
Lactobacillus pentosus,25,2,27
Helianthus tuberosus,48,5,53
Dysdercus peruvianus,3,0,3
Macrobrachium nipponense,4,3,7
Halopiger aswanensis,1,0,1
Pseudoalteromonas elyakovii,8,6,14
Prunus mume,10,1,11
Argiope aurantia,1,0,1
Farfantepenaeus californiensis,1,0,1
Pteris ensiformis,2,2,4
Acidithiobacillus caldus,0,1,1
Solanum dulcamara,5,0,5
Bartonella birtlesii,1,0,1
Paracoccus denitrificans,206,25,231
Eupatorium cannabinum,5,0,5
Prevotella buccalis,1,0,1
Chromohalobacter salexigens,3,2,5
Lamellidens marginalis,7,2,9
Hypophthalmichthys nobilis,1,1,2
Methanococcus aeolicus,20,1,21
Xiphophorus couchianus,1,0,1
Streptomyces rochei,11,0,11
Aloe vera,7,2,9
Dasyatis pastinaca,2,2,4
Planobispora longispora,0,1,1
Bothrops neuwiedi,2,0,2
Desulfovibrio vulgaris,36,8,44
Haemophilus parasuis,23,0,23
Testudinidae,7,0,7
Xanthosoma sagittifolium,4,2,6
Pyrobaculum calidifontis,13,1,14
Uca pugilator,7,0,7
Methylophaga thalassica,8,0,8
Cornus officinalis,0,1,1
Scophthalmus maximus,3,0,3
Elaeis guineensis,2,0,2
Setaria italica,0,1,1
Enterococcus avium,4,0,4
Corynebacterium diphtheriae,14,0,14
Prunus yedoensis,2,0,2
Lactobacillus paraplantarum,6,0,6
Gluconacetobacter diazotrophicus,22,1,23
Macrobrachium borellii,2,1,3
Lateolabrax japonicus,18,1,19
Achromobacter xylosoxidans,68,7,75
Pseudomonas stutzeri,103,14,117
Methanofollis liminatans,5,0,5
Heimia salicifolia,4,0,4
Exiguobacterium acetylicum,14,0,14
Allium sativum,41,2,43
Anthonomus grandis,1,0,1
Hippasa partita,3,1,4
Thermomonospora curvata,1,0,1
Todarodes pacificus,38,10,48
Hypericum perforatum,1,0,1
Gryllus assimilis,3,0,3
Sulfurihydrogenibium azorense,0,12,12
Archaeoglobus fulgidus,108,27,135
Cucurbita moschata,18,0,18
Pelomonas saccharophila,33,2,35
Mycobacterium fortuitum,3,0,3
Takifugu rubripes,4,2,6
Lactobacillus manihotivorans,5,0,5
Atriplex spongiosa,12,3,15
Lactobacillus diolivorans,4,0,4
Fragaria vesca,2,1,3
Mannheimia haemolytica,28,2,30
Panulirus versicolor,1,0,1
Populus x canadensis,11,6,17
Mesotaenium caldariorum,1,0,1
Landoltia punctata,6,1,7
Homarus gammarus,3,0,3
Paenibacillus barcinonensis,1,1,2
Aporrectodea rosea,3,0,3
Moorella thermoacetica,77,8,85
Paracoccus pantotrophus,18,7,25
Engraulis japonicus,6,0,6
Thermococcus sibiricus,11,0,11
Astragalus hamosus,5,0,5
Nitrobacter hamburgensis,4,0,4
Pyrocystis fusiformis,16,0,16
Periplaneta americana,36,5,41
Aerococcus viridans,15,3,18
Gloydius halys,3,0,3
Thiobacillus denitrificans,14,0,14
Ureibacillus thermosphaericus,10,0,10
Alicyclobacillus sendaiensis,1,0,1
Dickeya chrysanthemi,42,1,43
Allium fistulosum,4,1,5
Felis catus,59,11,70
Shewanella amazonensis,9,0,9
Beta vulgaris,216,39,255
Clostridium perfringens,167,25,192
Oncorhynchus mykiss,120,32,152
Chlorobaculum tepidum,8,0,8
Didelphis albiventris,4,2,6
Nephrops norvegicus,9,3,12
Uria aalge,1,0,1
Piaractus mesopotamicus,0,1,1
Pandalus borealis,2,0,2
Microbulbifer elongatus,8,0,8
Callinectes sapidus,1,0,1
Geobacillus thermoleovorans,72,8,80
Kitasatospora griseola,2,2,4
Orobanche minor,5,0,5
Mercenaria mercenaria,8,0,8
Delonix regia,19,0,19
Selaginella lepidophylla,2,4,6
Streptococcus sobrinus,3,1,4
Opisthorchis viverrini,1,1,2
Bacillus tequilensis,10,4,14
Pseudomonas indica,6,0,6
Streptomyces tubercidicus,13,0,13
Pyrococcus yayanosii,10,0,10
Lumbricus castaneus,3,0,3
Psidium guajava,6,2,8
Cylindrospermopsis raciborskii,1,0,1
Papio ursinus,8,0,8
Chlorogloeopsis fritschii,8,3,11
Vibrio alginolyticus,69,20,89
Sorghum bicolor,84,21,105
Aeromonas hydrophila,60,28,88
Pyrodictium abyssi,8,1,9
Pocillopora damicornis,1,2,3
Methanosarcina barkeri,53,21,74
Sedimentibacter hydroxybenzoicus,14,0,14
Acanthamoeba polyphaga,6,3,9
Litopenaeus vannamei,14,5,19
Streptomyces spectabilis,1,0,1
Psychrobacter urativorans,6,0,6
Amaranthus retroflexus,68,1,69
Carboxydothermus hydrogenoformans,4,2,6
Clostridium pasteurianum,92,22,114
Xanthobacter autotrophicus,12,4,16
Lymantria dispar,14,3,17
Cricetidae,0,1,1
Cryptopygus antarcticus,3,0,3
Devosia riboflavina,16,1,17
Mesonia algae,0,2,2
Limnoria quadripunctata,2,0,2
Drosophila melanogaster,517,89,606
Cupriavidus metallidurans,11,1,12
Pseudorasbora parva,3,0,3
Tetraselmis maculata,10,0,10
Abutilon theophrasti,1,0,1
Bacillus cereus,369,50,419
Phascolarctos cinereus,1,0,1
Cancer irroratus,0,1,1
Rhodococcus opacus,58,6,64
Anoxybacillus kestanbolensis,3,0,3
Methanothermobacter wolfeii,1,0,1
Papilio machaon,4,1,5
Haloferax lucentense,10,0,10
Geobacter metallireducens,5,0,5
Cyamopsis tetragonoloba,5,0,5
Amycolatopsis orientalis,11,0,11
Asplenium ceterach,1,0,1
Haemophilus parainfluenzae,2,0,2
Streptomyces albidoflavus,8,0,8
Geobacillus thermocatenulatus,8,3,11
Monopterus albus,2,1,3
Modiolus demissus,8,0,8
Arthrobacter histidinolovorans,3,0,3
Bos taurus,7422,1029,8451
Brevibacillus brevis,69,7,76
Dyella ginsengisoli,5,0,5
Elephantopus scaber,1,0,1
Mentha spicata,8,0,8
Eidolon helvum,8,0,8
Narcissus pseudonarcissus,4,1,5
Osmerus mordax,2,0,2
Batis maritima,1,1,2
Pediococcus inopinatus,5,1,6
Vibrio cholerae,203,15,218
Streptomyces kanamyceticus,0,1,1
Sulfophobococcus zilligii,3,2,5
Geobacillus toebii,3,0,3
Loxosceles similis,1,0,1
Hydrilla verticillata,5,2,7
Marinobacter hydrocarbonoclasticus,1,0,1
Rhodobacter capsulatus,132,39,171
Scrobicularia plana,6,0,6
Prunus persica,38,6,44
Sporobolomyces pararoseus,10,0,10
Elizabethkingia meningoseptica,99,4,103
Platycladus orientalis,3,0,3
Thermoanaerobacterium saccharolyticum,11,0,11
Pseudomonas putida,1147,105,1252
Saccharopolyspora rectivirgula,10,0,10
Oreochromis mossambicus,3,0,3
Euphorbia characias,18,2,20
Bothrops cotiara,3,0,3
Harmonia axyridis,2,0,2
Meganyctiphanes norvegica,1,1,2
Thermoanaerobacter acetoethylicus,4,0,4
Aneurinibacillus aneurinilyticus,19,2,21
Acinetobacter baylyi,19,5,24
Cosmopolites sordidus,7,0,7
Zingiber officinale,23,5,28
Sulfitobacter pontiacus,1,0,1
Macaca radiata,58,10,68
Streptomyces laurentii,2,0,2
Scombridae,3,0,3
Cymbopogon citratus,5,0,5
Burkholderia multivorans,4,0,4
Corynebacterium flavescens,1,0,1
Calloselasma rhodostoma,12,0,12
Salix discolor,4,1,5
Fervidobacterium pennivorans,10,2,12
Anchusa officinalis,4,0,4
Clostridium aceticum,0,1,1
Channa striata,2,0,2
Bordetella avium,8,0,8
Methanobacterium ivanovii,1,0,1
Klebsiella oxytoca,25,8,33
Gossypium hirsutum,88,17,105
Flaveria trinervia,5,3,8
Cucurbita pepo,76,9,85
Paenibacillus illinoisensis,0,5,5
Arthrobacter ilicis,2,0,2
Triticum aestivum,459,106,565
Felis silvestris,1,0,1
Rattus norvegicus,15918,2621,18539
Bacillus altitudinis,4,0,4
Euphorbia tirucalli,3,2,5
Polysiphonia urceolata,0,1,1
Labrenzia aggregata,2,0,2
Camellia sinensis,76,5,81
Haloferax volcanii,63,11,74
Sepia officinalis,32,1,33
Coccochloris peniocystis,17,2,19
Pseudocentrotus depressus,0,2,2
Methylomicrobium alcaliphilum,5,2,7
Equus caballus,776,36,812
Empedobacter brevis,2,0,2
Ovibos moschatus,2,0,2
trout,15,0,15
Pseudomonas rhodesiae,1,0,1
Blastochloris viridis,3,1,4
Marsupenaeus japonicus,10,3,13
Ctenopharyngodon idella,2,0,2
Veillonella parvula,40,2,42
Streptococcus gordonii,17,4,21
Photobacterium damselae,9,2,11
Pavlova gyrans,1,0,1
Liposcelis paeta,10,1,11
Phaseolus acutifolius,0,1,1
Moraxella cuniculi,5,0,5
Lyngbya aestuarii,2,0,2
Celosia crista,3,3,6
Heterodontus portusjacksoni,10,0,10
Loligo vulgaris,3,0,3
Ralstonia pickettii,1,1,2
Sporothrix schenckii,14,0,14
Photorhabdus luminescens,0,2,2
Ruta graveolens,47,2,49
Azospirillum brasilense,53,18,71
Nocardia iowensis,0,2,2
Streptomyces parvulus,21,0,21
Populus alba,2,1,3
Syringa vulgaris,3,0,3
Thauera selenatis,1,1,2
Silurus glanis,4,2,6
Acropora digitifera,1,2,3
Cymbopogon flexuosus,3,0,3
Achlya bisexualis,2,0,2
Stenotrophomonas rhizophila,0,1,1
Mycobacterium kansasii,53,0,53
Ipomoea batatas,97,28,125
Mustelus mustelus,6,0,6
Bacteroides thetaiotaomicron,32,2,34
Mugil cephalus,1,1,2
Acidianus ambivalens,29,5,34
Brevibacterium linens,10,0,10
Anoxybacillus flavithermus,8,1,9
Erythrina crista-galli,1,0,1
Chlorella pyrenoidosa,21,22,43
Hyphomicrobium zavarzinii,1,2,3
Bacillus lehensis,12,1,13
Funaria hygrometrica,3,2,5
Mesembryanthemum crystallinum,1,0,1
Marinococcus halophilus,0,1,1
Panicum virgatum,2,0,2
Medicago truncatula,15,2,17
Sporosarcina psychrophila,1,3,4
Streptomyces megasporus,13,0,13
Torpedo marmorata,4,0,4
Caloramator fervidus,5,1,6
Hydra oligactis,1,1,2
Bifidobacterium breve,21,4,25
Carassius auratus,30,11,41
Helicobacter acinonychis,3,0,3
Cocos nucifera,11,2,13
Lotus corniculatus,3,0,3
Prunus padus,12,2,14
Prevotella oralis,1,0,1
Penaeus monodon,25,8,33
Erwinia rhapontici,5,2,7
Bacillus pseudalcaliphilus,5,0,5
Chrysosplenium americanum,20,2,22
Rhodococcus equi,43,6,49
Streptomyces griseus,185,9,194
Sphingomonas wittichii,4,0,4
Streptomyces peucetius,4,0,4
Lactobacillus amylovorus,31,0,31
Setaria viridis,67,0,67
Mesocricetus auratus,305,52,357
Lamellidens corrianus,1,0,1
Lupinus albus,85,7,92
Thiocapsa roseopersicina,6,1,7
Kalanchoe pinnata,2,0,2
Datura inoxia,7,0,7
Chamelea gallina,11,2,13
Stenotrophomonas maltophilia,113,12,125
Vanilla planifolia,15,1,16
Neptuniibacter caesariensis,1,0,1
Triticum monococcum,6,1,7
Paramecium caudatum,1,0,1
Rauvolfia serpentina,57,0,57
Hyoscyamus muticus,0,4,4
Hevea brasiliensis,79,20,99
Bordetella pertussis,79,3,82
Rhodopila globiformis,0,1,1
Paeonia suffruticosa,0,1,1
Streptomyces fradiae,56,4,60
Vigna unguiculata,61,10,71
Digitaria sanguinalis,65,0,65
Crotalus ruber ruber,7,0,7
Salmonella enterica,90,11,101
Pisum sativum,690,115,805
Methanohalophilus mahii,2,0,2
Halobacillus halophilus,2,1,3
Mycoplasma dispar,1,0,1
Vibrio natriegens,16,0,16
Bothrops asper,3,3,6
Sphingobium chungbukense,1,0,1
Ciona intestinalis,0,1,1
Aeromonas sobria,11,0,11
Enterobacter cloacae,229,25,254
Caldanaerobacter subterraneus,1,0,1
Oreochromis niloticus,64,2,66
Caldivirga maquilingensis,2,0,2
Callinectes danae,4,0,4
Clostridium scindens,4,0,4
Gadus chalcogrammus,16,2,18
Naja mossambica,2,0,2
Meriones unguiculatus,23,5,28
Fagus sylvatica,1,0,1
Ovis aries,668,102,770
Bacillus azotoformans,2,1,3
Isoptera,4,0,4
Mycobacterium smegmatis,313,47,360
Sebastes inermis,6,0,6
Clostridium cellulovorans,3,2,5
Fistularia petimba,1,0,1
Clostridium botulinum,207,23,230
Pythium debaryanum,0,1,1
Shewanella livingstonensis,2,0,2
Pagrus major,25,1,26
Sporosarcina pasteurii,74,2,76
Bothrops jararacussu,21,0,21
Erinnyis ello,3,0,3
Sulfolobus solfataricus,474,118,592
Orobanche ramosa,2,1,3
Gluconobacter cerinus,15,0,15
Lechevalieria aerocolonigenes,9,0,9
Nephrolepis cordifolia,3,0,3
Streptomyces coeruleorubidus,0,1,1
Roseovarius nubinhibens,1,0,1
Boops boops,9,0,9
Nautilus pompilius,3,0,3
Prunus cerasus,12,2,14
Deinococcus radiophilus,23,0,23
Ochrobactrum anthropi,41,5,46
Trigonella foenum-graecum,11,4,15
Mustelus canis,3,0,3
Nicotiana plumbaginifolia,3,0,3
Rhodomicrobium vannielii,7,17,24
Alkalimonas collagenimarina,2,0,2
Liza parsia,6,0,6
Pueraria montana var. lobata,17,0,17
Rhizobium etli,22,6,28
Clupea pallasii,1,0,1
Lactobacillus sanfranciscensis,9,1,10
Loxosceles gaucho,1,0,1
Equisetum arvense,0,1,1
Comamonas terrigena,1,0,1
Arthrobacter ureafaciens,33,1,34
Alternanthera sessilis,1,2,3
Oryzias latipes,13,1,14
Bacteriovorax stolpii,1,0,1
Kalanchoe blossfeldiana,1,0,1
Oncorhynchus gorbuscha,6,0,6
Pyrobaculum aerophilum,23,2,25
Listeria seeligeri,5,0,5
Cichorium endivia,11,2,13
Bifidobacterium adolescentis,4,13,17
Ustilago maydis,46,4,50
Blattella germanica,17,0,17
Phaseolus lunatus,4,0,4
Pythium aphanidermatum,3,0,3
Rhodotorula flava,4,0,4
Rhopalosiphum padi,5,0,5
Acetobacterium woodii,31,7,38
Amoeba proteus,8,0,8
Medicago sativa,94,22,116
Diaprepes abbreviatus,6,0,6
Citrus x paradisi,22,1,23
Desulfotomaculum nigrificans,10,0,10
Photinus pyralis,186,21,207
Rumex dentatus,1,0,1
Hyphomicrobium sulfonivorans,5,1,6
Chlamydia trachomatis,13,7,20
Azoarcus evansii,15,2,17
Aiptasia pallida,2,3,5
Glycine max,930,88,1018
Brassica napus,94,30,124
Zoogloea ramigera,14,0,14
Streptomyces collinus,22,1,23
Acinetobacter johnsonii,20,0,20
Erythrobacter longus,1,0,1
Bacillus weihenstephanensis,4,0,4
Methylobacillus flagellatus,16,2,18
Bryopsis corticulans,2,0,2
Allium ampeloprasum,10,0,10
Hypoderma lineatum,1,0,1
Neanthes succinea,2,0,2
Oceanobacillus oncorhynchi,7,0,7
Papaver somniferum,47,8,55
Peltigera aphthosa,2,0,2
Flaveria bidentis,15,1,16
Desulfovibrio desulfuricans,50,1,51
Dianthus caryophyllus,22,3,25
Commelina communis,2,1,3
Cycas revoluta,1,0,1
Thermoproteus tenax,30,16,46
Fucus gardneri,2,3,5
Streptomyces violaceoruber,17,0,17
Hyoscyamus albus,0,4,4
Nicotiana tabacum,339,83,422
Acidianus brierleyi,24,4,28
Prunus domestica,12,2,14
Thermobacillus xylanilyticus,4,1,5
Datura stramonium,19,8,27
Peptoniphilus asaccharolyticus,20,3,23
Bacillus alcalophilus,2,1,3
Arthrobacter globiformis,83,8,91
Loxosceles intermedia,2,0,2
Staphylococcus carnosus,4,0,4
Colias eurytheme,4,0,4
Mustela putorius furo,0,1,1
Megascolides cameroni,4,0,4
Bothrops pirajai,4,0,4
Megathyrsus maximus,5,0,5
Kalanchoe daigremontiana,4,0,4
Bacteria,76,22,98
Labeo rohita,7,10,17
Streptomyces rubiginosus,12,0,12
Macruronus novaezelandiae,9,1,10
Anguilla anguilla,4,1,5
Aquifex pyrophilus,4,5,9
Anabaena variabilis,36,12,48
Streptomyces nogalater,6,0,6
Thauera aromatica,15,4,19
Clostridium propionicum,13,1,14
Phoenix dactylifera,7,0,7
Trifolium pratense,0,8,8
Cheilocostus speciosus,5,0,5
Pseudomonas syringae,62,13,75
Raja clavata,2,0,2
Bauhinia monandra,15,0,15
Manduca sexta,99,27,126
Treponema pectinovorum,3,0,3
Dietzia maris,16,0,16
Bifidobacterium pseudolongum,12,0,12
Clostridium sporosphaeroides,0,1,1
Clostridium scatologenes,1,0,1
Clostridium acetobutylicum,82,11,93
Acetivibrio cellulolyticus,3,0,3
Sebastes schlegelii,1,1,2
Thermus thermophilus,268,63,331
Manihot esculenta,43,1,44
Parkinsonia aculeata,5,0,5
Solanum tuberosum,434,118,552
Limulus polyphemus,21,5,26
Lolium multiflorum,6,0,6
Arum italicum,4,3,7
Bacillus mojavensis,10,0,10
Fasciola gigantica,14,2,16
Bromus diandrus var. rigidus,0,2,2
Dimocarpus longan,0,2,2
Jaculus orientalis,12,0,12
Larrea tridentata,0,1,1
Calliphoridae,10,8,18
Eriobotrya japonica,20,0,20
Mycobacterium avium,176,1,177
Acidomonas methanolica,1,0,1
Oncorhynchus tshawytscha,16,3,19
Mammalia,489,122,611
Synechococcus elongatus,12,5,17
Phormia regina,34,4,38
Thermoanaerobacter thermohydrosulfuricus,45,10,55
Ipomoea purpurea,2,0,2
Arthrobacter protophormiae,6,1,7
Clostridium tetani,7,1,8
Dictyoglomus thermophilum,4,0,4
Alicyclobacillus acidocaldarius,120,2,122
Kluyvera cryocrescens,6,1,7
Xanthomonas citri,4,0,4
Sthenoteuthis oualaniensis,10,0,10
Streptomyces gulbargensis,8,0,8
Acipenser gueldenstaedtii,14,0,14
Gasterosteus aculeatus,0,1,1
Cucurbita maxima,46,8,54
Euryale ferox,0,1,1
Struthio camelus,60,3,63
Borrelia burgdorferi,47,0,47
Colossoma macropomum,13,0,13
Strongylocentrotus purpuratus,62,5,67
Heliotropium indicum,1,0,1
Methanocalculus chunghsingensis,0,1,1
Crocodylus porosus,1,2,3
Crotalus durissus terrificus,4,0,4
Halomonas halodenitrificans,3,0,3
Bellis perennis,9,0,9
Sulfobacillus thermosulfidooxidans,0,1,1
Potamotrygon motoro,4,0,4
Francisella tularensis,31,0,31
Dinobryon sociale,1,0,1
Haloferax mediterranei,34,14,48
Mycoplasma capricolum,1,0,1
Streptomyces globisporus,11,0,11
Pinus sylvestris,5,2,7
Hydrogenophaga intermedia,1,0,1
Pseudopleuronectes yokohamae,6,0,6
Thermoanaerobacter ethanolicus,24,4,28
Brevibacillus thermoruber,0,1,1
Carcinus maenas,9,0,9
Acremonium,4,1,5
Pseudomonas chlororaphis,40,3,43
Streptomyces phaeochromogenes,20,6,26
Narcissus tazetta,4,0,4
Cenchrus purpureus,1,0,1
Bromus japonicus,0,2,2
Salvia splendens,21,0,21
Pseudonocardia autotrophica,0,3,3
Bdellovibrio bacteriovorus,9,2,11
Arthrobacter oxydans,25,0,25
Mesorhizobium loti,17,2,19
Lactobacillus salivarius,0,1,1
Chaetomiaceae,5,0,5
Maricaulis maris,2,1,3
Virgibacillus salexigens,0,1,1
Sphingomonas paucimobilis,40,18,58
Streptococcus mitis,26,4,30
Enterobacter hormaechei,8,0,8
Ipomoea carnea,31,1,32
Sciaena umbra,0,2,2
Pumpkin,1,0,1
Rhynchophorus palmarum,6,0,6
Actinomyces viscosus,15,1,16
Zoysia tenuifolia,1,0,1
Cucumis sativus,167,42,209
Bubo virginianus,1,0,1
Vigna aconitifolia,26,3,29
Erythroxylum coca,9,0,9
Taxus x media,0,4,4
Dioscorea rotundata,14,1,15
Mycoplasma arginini,1,0,1
Acyrthosiphon pisum,3,0,3
Helix pomatia,47,2,49
Protophormia terraenovae,4,0,4
Physarum polycephalum,82,8,90
Herbaspirillum seropedicae,1,4,5
Streptococcus oligofermentans,0,1,1
Metroxylon sagu,3,0,3
Clostridium paradoxum,3,0,3
Brevundimonas diminuta,45,8,53
Asclepias curassavica,22,0,22
Ascophyllum nodosum,2,0,2
Bombus terrestris,3,3,6
Monilinia fructicola,2,1,3
Lactobacillus helveticus,79,5,84
Mycoplasma arthritidis,14,1,15
Loxosceles laeta,2,0,2
Chaerophyllum bulbosum,0,2,2
Citrus jambhiri,5,1,6
Anopheles gambiae,38,4,42
Lumbricus terrestris,14,8,22
Cristaria plicata,1,0,1
Limonium perezii,5,1,6
Pleuronectes platessa,0,1,1
Oceanimonas doudoroffii,17,3,20
Macrobrachium lamarrei,0,1,1
Phormidium laminosum,28,0,28
Arenicola marina,9,1,10
Saccharum officinarum,23,4,27
Corynebacterium glutamicum,246,60,306
Gordonia rubripertincta,7,0,7
Amycolatopsis methanolica,41,5,46
Thermoactinomyces intermedius,1,0,1
Thermotoga maritima,180,47,227
Achlya ambisexualis,0,2,2
Comamonas testosteroni,167,16,183
Desulfovibrio alaskensis,0,1,1
Apostichopus japonicus,22,2,24
Phleum pratense,2,0,2
Lens culinaris,44,1,45
Aliivibrio fischeri,32,2,34
Cimex lectularius,2,0,2
Pogostemon cablin,2,0,2
Enteroctopus dofleini,9,2,11
Pseudoalteromonas luteoviolacea,1,0,1
Streptococcus uberis,0,1,1
Typha latifolia,1,0,1
Streptomyces wedmorensis,5,0,5
Aphanocapsa,3,0,3
Curcuma longa,4,0,4
Echis carinatus,3,0,3
Streptococcus anginosus,8,3,11
Acinetobacter calcoaceticus,207,13,220
Azorhizobium caulinodans,1,2,3
Clostridium papyrosolvens,12,0,12
Halorhodospira halochloris,10,3,13
Saprolegnia monoica,9,3,12
Sarcina ventriculi,6,1,7
Cyanidium caldarium,2,2,4
Coriandrum sativum,1,0,1
Lepidorhombus boscii,6,0,6
Corchorus olitorius,4,1,5
Tetragenococcus muriaticus,2,0,2
Colwellia maris,2,0,2
Citrobacter freundii,98,23,121
Halothermothrix orenii,1,0,1
Vigna radiata,195,29,224
Haemophilus parahaemolyticus,5,0,5
Anolis carolinensis,0,2,2
Flavobacterium aquatile,2,0,2
Lampetra fluviatilis,3,0,3
Ficus carica,14,3,17
Pisaster ochraceus,2,0,2
Streptomyces reticuli,2,3,5
Saccharomyces cerevisiae,3862,580,4442
Oncorhynchus kisutch,11,0,11
Streptomyces galilaeus,3,2,5
Papio hamadryas,35,0,35
Suaeda linifolia,1,0,1
Acidiphilium acidophilum,17,3,20
Shigella sonnei,15,0,15
Balistes capriscus,3,0,3
Paralabrax nebulifer,1,1,2
Pinus strobus,1,0,1
Squalus acanthias,28,22,50
Prevotella intermedia,8,0,8
Fagopyrum esculentum,22,1,23
Sarda sarda,8,0,8
Selaginella kraussiana,1,1,2
Cerebratulus lacteus,1,0,1
Mycobacterium vaccae,2,2,4
Elysia chlorotica,1,0,1
Desulfococcus multivorans,1,0,1
Reticulitermes flavipes,7,0,7
Salimicrobium halophilum,1,4,5
Dictyoglomus turgidum,5,0,5
Amaranthus spinosus,13,6,19
Kocuria varians,8,0,8
Oncorhynchus keta,16,4,20
Cervidae,1,0,1
Erimacrus isenbeckii,3,5,8
Massilia timonae,2,0,2
Morus alba,1,0,1
Tetrahymena pyriformis,106,21,127
Bacillus licheniformis,229,59,288
Macrobdella decora,1,0,1
Neisseria gonorrhoeae,89,3,92
Pseudomonas synxantha,22,0,22
Opsanus beta,0,1,1
Lilium longiflorum,64,2,66
Astragalus sinicus,6,0,6
Galium mollugo,1,4,5
Deinagkistrodon acutus,19,0,19
Pouteria sapota,7,3,10
Vicia sativa,5,1,6
Sulfurospirillum deleyianum,6,5,11
Cellulomonas flavigena,1,0,1
Streptomyces cinnamoneus,8,1,9
Ranunculaceae,1,0,1
Champsocephalus gunnari,0,1,1
Flavobacterium saccharophilum,17,0,17
Actinoplanes philippinensis,0,1,1
Clostridium symbiosum,38,5,43
Trygonorrhina fasciata,2,0,2
Oryza sativa,506,122,628
Haliotis tuberculata,0,3,3
Bacillus clausii,12,2,14
Brassica nigra,22,1,23
Streptomyces antibioticus,36,12,48
Evernia prunastri,16,4,20
Ramonda serbica,5,1,6
Bothrops marajoensis,2,2,4
Borassus flabellifer,10,2,12
Blautia producta,2,0,2
Phlebodium aureum,2,0,2
Acholeplasma laidlawii,22,25,47
Mastigocoleus testarum,2,0,2
Actinosynnema pretiosum,5,0,5
Crassostrea gigas,12,2,14
Nocardia asteroides,25,1,26
Cryptosporidium parvum,82,6,88
Erythrina variegata,6,1,7
Deinococcus geothermalis,8,2,10
Hyphomicrobium methylovorum,82,0,82
Ophelia neglecta,4,0,4
Neisseria cinerea,1,0,1
Streptococcus dysgalactiae,28,0,28
Allium cepa,38,7,45
Eleutherococcus senticosus,1,0,1
Pinus banksiana,5,0,5
Bacteroides ovatus,17,6,23
Chlorobaculum thiosulfatiphilum,15,16,31
Pseudechis papuanus,1,0,1
Serpens flexibilis,3,0,3
Gracilibacillus dipsosauri,7,0,7
cress,1,0,1
Euglena gracilis,301,68,369
Necator americanus,1,0,1
Callithrix jacchus,5,1,6
Neisseria polysaccharea,1,3,4
Rubus plicatus,5,0,5
Cellulomonas biazotea,1,0,1
Rhizobium leguminosarum,28,0,28
Cenchrus americanus,11,2,13
Aphis gossypii,4,2,6
Clostridium purinilyticum,2,0,2
Thermococcus waiotapuensis,1,0,1
Umbellularia californica,15,5,20
Eubacterium limosum,7,0,7
Bromus erectus,0,2,2
Weissella paramesenteroides,5,0,5
Phaeospirillum molischianum,6,17,23
Yersinia pestis,90,3,93
Haemophilus ducreyi,9,0,9
Bacteroides uniformis,3,0,3
Sphaerotilus natans,4,3,7
Sterculia foetida,1,1,2
Zonotrichia albicollis,4,0,4
Lactobacillus johnsonii,1,0,1
Laminaria digitata,1,0,1
Camelus bactrianus,14,6,20
Nephilengys cruentata,1,0,1
Cricetinae,17,15,32
Paralithodes camtschaticus,8,0,8
Corallina officinalis,1,1,2
Acinetobacter radioresistens,4,0,4
Burkholderia dolosa,4,0,4
Picrophilus torridus,92,0,92
Thymus vulgaris,6,0,6
Novosphingobium aromaticivorans,8,0,8
Microtetraspora glauca,2,0,2
Streptomyces chromofuscus,14,7,21
Tetragenococcus halophilus,2,1,3
Acinetobacter lwoffii,20,4,24
Corynebacterium pseudodiphtheriticum,8,0,8
Photuris pennsylvanica,35,0,35
Euonymus alatus,35,5,40
Myroides odoratus,0,2,2
Pterygoplichthys disjunctivus,12,0,12
Carassius carassius,0,2,2
Lactobacillus rhamnosus,4,1,5
Pseudoalteromonas atlantica,2,0,2
Staphylococcus hominis,5,0,5
insecta,2,0,2
Ralstonia solanacearum,2,1,3
Burkholderia thailandensis,36,0,36
Lactobacillus dextrinicus,0,1,1
Armoracia rusticana,16,3,19
Lymnaea stagnalis,5,1,6
Sepioteuthis sepioidea,1,0,1
Ophiodon elongatus,1,0,1
Mycoplasma suis,2,0,2
Autographa californica,2,0,2
Haematococcus pluvialis,1,5,6
Methanobacterium palustre,4,0,4
Methylovorus mays,1,0,1
Methanosarcina mazei,17,6,23
Homo sapiens,48867,4208,53075
Streptomyces venezuelae,15,6,21
Artemisia annua,11,1,12
Clusia minor,5,0,5
Pseudomonas fluorescens,404,75,479
Tulipa gesneriana,12,1,13
Staphylococcus chromogenes,5,0,5
Calystegia sepium,11,0,11
Legionella pneumophila,26,15,41
Pallavicinia lyellii,14,0,14
Anabaena cylindrica,12,3,15
Ficus lyrata,0,1,1
Pseudomonas anguilliseptica,5,0,5
Heliobacterium chlorum,2,0,2
Meiothermus ruber,12,0,12
Moraxella osloensis,3,1,4
Parawixia bistriata,6,1,7
Avena sativa,128,18,146
Jasminum grandiflorum,11,0,11
Moritella viscosa,2,0,2
Trematomus bernacchii,3,0,3
Edwardsiella tarda,3,15,18
Buccinum undatum,1,0,1
Scyliorhinus canicula,17,3,20
Suaeda maritima,1,0,1
Enterobius vermicularis,3,0,3
Watasenia scintillans,1,0,1
Pinus taeda,8,3,11
Clostridium beijerinckii,9,5,14
Bothrops atrox,22,2,24
Callinectes ornatus,3,1,4
Heteropneustes fossilis,10,7,17
Meleagris gallopavo,72,25,97
Staurastrum cingulum,1,0,1
Coturnix coturnix,1,0,1
Staphylococcus epidermidis,122,3,125
Callorhinus ursinus,1,0,1
Sphingobacterium multivorum,9,1,10
Bothrops moojeni,4,3,7
Trifolium incarnatum,7,3,10
Streptomyces hygroscopicus,25,5,30
Glycyrrhiza echinata,5,4,9
Amycolatopsis mediterranei,33,11,44
Desulfarculus baarsii,3,0,3
Olea europaea,37,0,37
protozoa,1,1,2
Forsythia suspensa,2,0,2
Novosphingobium capsulatum,18,0,18
Eledone moschata,4,0,4
Vibrio rumoiensis,3,0,3
Bacillus pumilus,67,4,71
Delesseria sanguinea,0,1,1
Schlegelella thermodepolymerans,15,0,15
Plumeria obtusa,4,3,7
Mycoplasma pneumoniae,14,1,15
Vibrio anguillarum,6,0,6
Methanoculleus thermophilus,3,0,3
Dermasterias imbricata,1,0,1
Litopenaeus setiferus,7,0,7
Fenneropenaeus penicillatus,1,0,1
Asclepias syriaca,3,0,3
Mycoplasma hominis,6,1,7
Cistanche deserticola,12,0,12
Hypophthalmichthys molitrix,16,4,20
Perilla frutescens,17,4,21
Bradyrhizobium elkanii,1,0,1
Paenibacillus amylolyticus,1,0,1
Sitobion avenae,5,0,5
Clostridium stercorarium,32,1,33
Coffea arabica,18,2,20
Debaryomyces hansenii,56,3,59
Streptococcus suis,12,3,15
Flavobacterium frigidimaris,31,0,31
Jeotgalibacillus marinus,1,0,1
Zygnema cylindricum,1,0,1
Propionibacterium acnes,6,0,6
Streptococcus equi,3,0,3
Treponema pallidum,5,0,5
Rhodocyclus tenuis,11,17,28
Actinia equina,3,2,5
Streptomyces rimosus,18,6,24
Channa argus,6,0,6
Lytechinus pictus,11,2,13
Nicotiana glauca,8,3,11
Desulfomicrobium baculatum,1,0,1
Calliphora vicina,8,1,9
Ilyobacter tartaricus,1,0,1
Amaranthus viridis,14,1,15
Gloydius blomhoffii,9,0,9
Vibrio furnissii,9,0,9
Spisula solidissima,1,0,1
Arabidopsis thaliana,1216,277,1493
Ophiophagus hannah,8,0,8
Suberites domuncula,2,0,2
Pseudomonas savastanoi,41,0,41
Suncus murinus,2,0,2
Alopecurus aequalis,1,0,1
Macaca mulatta,60,33,93
Ulva pertusa,1,0,1
Lactobacillus acidophilus,78,17,95
Vaucheria litorea,0,1,1
Porphyromonas gingivalis,217,36,253
Caudina arenicola,1,0,1
Thermococcus pacificus,2,1,3
Bordetella parapertussis,4,0,4
Rauvolfia vomitoria,1,0,1
Methanobacterium formicicum,4,3,7
Cuphea wrightii,3,0,3
Bitis arietans,4,0,4
Laribacter hongkongensis,3,0,3
Asplenium nidus,7,0,7
Syntrophobacter fumaroxidans,1,0,1
Lathyrus cicera,6,0,6
Trailliella intricata,0,1,1
Arthrobacter phenanthrenivorans,1,0,1
Natronobacterium gregoryi,7,0,7
Enterobacter aerogenes,245,49,294
Porphyridium purpureum,10,0,10
Pseudoalteromonas mariniglutinosa,4,0,4
Nototodarus sloanii,5,0,5
Sulfurospirillum multivorans,14,0,14
Lumbricus rubellus,2,0,2
Streptococcus criceti,0,1,1
Escherichia coli,8366,1058,9424
Lemna trisulca,3,0,3
Methylosinus trichosporium,34,1,35
Haliotis cracherodii,1,0,1
Oryctolagus cuniculus,2838,421,3259
Hanseniaspora uvarum,2,1,3
Udotea flabellum,5,0,5
Acanthoscelides obtectus,6,0,6
Methanococcus maripaludis,45,26,71
Xenopus laevis,212,68,280
Melilotus albus,14,3,17
Pythium ultimum,3,0,3
Halothiobacillus neapolitanus,7,5,12
Lysinibacillus fusiformis,7,1,8
Prevotella oris,1,0,1
Thiohalophilus thiocyanatoxydans,12,0,12
Quercus robur,2,1,3
Myxococcus xanthus,94,1,95
Methylomicrobium album,1,0,1
Thermithiobacillus tepidarius,1,1,2
Pseudomonas marginalis,23,1,24
Ammi majus,13,1,14
Lonicera japonica,21,1,22
Shewanella algae,1,2,3
Lycopus europaeus,1,0,1
Chromobacterium violaceum,56,3,59
Liposcelis entomophila,9,3,12
Rhodopseudomonas palustris,90,28,118
Peganum harmala,3,1,4
toad,15,0,15
Bergeriella denitrificans,1,0,1
Equus asinus,12,8,20
Lathyrus sativus,51,1,52
Epinephelus malabaricus,1,0,1
Pseudobutyrivibrio ruminis,1,0,1
Pigeon,39,4,43
Xanthomonas vasicola,1,0,1
Astragalus bisulcatus,6,0,6
Streptomyces murinus,5,0,5
Mangifera indica,1,0,1
Rattus rattus,21,1,22
Vicia faba,86,9,95
Lactobacillus sakei,29,1,30
Lachesis muta,1,0,1
Pseudomonas azotoformans,11,0,11
Taxus brevifolia,4,2,6
Methanococcoides burtonii,1,0,1
Gordonia bronchialis,1,0,1
Clostridium sticklandii,168,22,190
Brassica rapa,7,3,10
Dunaliella salina,23,1,24
Fibrobacter succinogenes,15,3,18
Malus pumila,0,1,1
Paucimonas lemoignei,26,1,27
Thermoleophilum minutum,1,0,1
Lathyrus latifolius,2,0,2
Mus musculus,6520,1376,7896
Solanum lycopersicum,320,82,402
Tribolium castaneum,19,3,22
Eucalyptus gunnii,2,0,2
Plectranthus barbatus,2,0,2
Ananas comosus,50,14,64
Rhodococcus rhodochrous,67,7,74
Bothrops alternatus,6,0,6
Magnetospirillum magnetotacticum,2,0,2
Methanopyrus kandleri,10,10,20
Pseudomonas mendocina,35,1,36
Megasphaera elsdenii,16,3,19
Thermoplasma volcanium,3,1,4
Columba livia,53,5,58
Schistosoma mansoni,209,5,214
Prosthecochloris vibrioformis,10,1,11
Hippoglossus hippoglossus,1,1,2
Streptomyces corchorusii,4,0,4
Mycobacterium bovis,35,1,36
Gloydius ussuriensis,1,0,1
Pseudonocardia thermophila,17,2,19
Quercus glauca,1,0,1
Solanum torvum,4,0,4
Clostridium josui,4,2,6
Bifidobacterium animalis,1,1,2
Corynebacterium xerosis,4,0,4
Acinetobacter baumannii,25,2,27
Chroomonas salina,8,0,8
Methanotorris igneus,1,0,1
Ruminococcus albus,30,8,38
Paracoccus versutus,4,0,4
Cupriavidus oxalaticus,12,1,13
Staphylococcus simulans,7,5,12
Potamopyrgus antipodarum,4,0,4
Ceramium rubrum,0,1,1
Lactobacillus buchneri,22,2,24
Artemia salina,35,7,42
Clarkia breweri,26,1,27
Micrococcus lylae,13,0,13
Streptomyces clavuligerus,93,17,110
Thunnus tonggol,3,0,3
Culex quinquefasciatus,41,3,44
Hyoscyamus niger,84,9,93
Scorpaena porcus,4,4,8
Thermoanaerobacter kivui,1,2,3
Hypericum androsaemum,0,1,1
Moraxella bovis,5,0,5
Azohydromonas lata,2,0,2
Sparus aurata,19,6,25
Tecoma stans,64,2,66
Solenopsis invicta,1,0,1
Tillandsia fasciculata,5,0,5
Ovophis okinavensis,2,0,2
Hominoidea,12,0,12
Malonomonas rubra,7,0,7
Azotobacter chroococcum,33,7,40
Micrococcus flavus,1,1,2
Desulfobulbus elongatus,1,0,1
Samia cynthia,2,0,2
Capnocytophaga granulosa,3,0,3
Actinoplanes campanulatus,0,1,1
Fucus distichus,1,0,1
Nepenthes ampullaria,2,0,2
Cryptococcus albidus,11,0,11
Zea mays,895,147,1042
Scomber australasicus,8,5,13
Methanobrevibacter smithii,1,0,1
Scomber japonicus,7,0,7
Pinus radiata,6,2,8
Propionibacterium freudenreichii,36,4,40
Methanococcus vannielii,13,1,14
Vitis labrusca,4,0,4
Eucommia ulmoides,0,1,1
Populus nigra,13,3,16
Dissostichus mawsoni,3,0,3
Pseudomonas nitroreducens,17,2,19
Cyanobacteria,0,1,1
Salvia officinalis,86,7,93
Pelobacter acidigallici,2,1,3
Morganella morganii,61,4,65
Crypthecodinium cohnii,7,0,7
Sinapis alba,43,19,62
Ficus benghalensis,0,1,1
Polytrichum commune,5,0,5
Lithospermum erythrorhizon,21,5,26
Weissella viridescens,12,1,13
Nocardia globerula,6,2,8
Mycobacterium tuberculosis,2155,86,2241
Fusobacterium nucleatum,13,4,17
Caldicellulosiruptor saccharolyticus,33,4,37
Acidilobus saccharovorans,5,3,8
Lepus townsendii,1,0,1
Bungarus multicinctus,2,1,3
Atriplex hortensis,0,1,1
Cannabis sativa,9,0,9
Merluccius productus,3,0,3
Musca domestica,37,8,45
Rhodothermus marinus,16,2,18
Pedobacter heparinus,93,2,95
Nitzschia thermalis,1,0,1
Haloarcula hispanica,1,0,1
Xylella fastidiosa,1,0,1
Desulfurococcus mucosus,8,0,8
Macrobrachium amazonicum,1,1,2
Sphingobium xenophagum,4,1,5
Serratia liquefaciens,6,19,25
Microbacterium saperdae,5,0,5
Thermobifida fusca,69,6,75
Glandirana rugosa,1,0,1
Acer pseudoplatanus,14,1,15
Methanosarcina acetivorans,11,5,16
Bacillus anthracis,344,23,367
Lactococcus lactis,226,47,273
Afipia felis,0,1,1
Carapichea ipecacuanha,28,0,28
Streptomyces albulus,6,0,6
Ureaplasma urealyticum,6,0,6
Shewanella oneidensis,10,3,13
Mytilus edulis,16,7,23
Lactobacillus gasseri,10,6,16
Macrobrachium rosenbergii,4,0,4
Anethum graveolens,3,0,3
Butyrivibrio fibrisolvens,34,4,38
Patiria pectinifera,43,10,53
Phaeospirillum fulvum,0,1,1
Daboia russelii,32,1,33
Rhodovulum sulfidophilum,5,0,5
Spirillospora albida,0,1,1
Streptococcus salivarius,54,12,66
Sorbus aucuparia,2,2,4
Origanum majorana,9,1,10
Velesunio ambiguus,3,0,3
Erwinia pyrifoliae,1,1,2
Odontella aurita,1,0,1
Thunnus albacares,7,1,8
Cicer arietinum,99,14,113
Dahlia pinnata,18,2,20
Bacillus thuringiensis,42,20,62
Wedelia biflora,21,0,21
Naja naja,40,2,42
Acanthamoeba castellanii,28,13,41
Listeria monocytogenes,19,6,25
Anacystis marina,10,0,10
Unio pictorum,1,0,1
Microbacterium luteolum,3,1,4
Aeromonas media,6,2,8
Mesorhizobium ciceri,7,1,8
Rhinella marina,10,2,12
Arum maculatum,3,0,3
Pediococcus damnosus,5,1,6
Clostridium oroticum,28,10,38
Aralia elata,5,0,5
Bruguiera sexangula,2,2,4
Alopecurus myosuroides,13,0,13
Sphingobium chlorophenolicum,4,1,5
Ankistrodesmus braunii,3,0,3
Diabrotica virgifera virgifera,1,0,1
Leptocylindrus minimus,1,0,1
Parthenium argentatum,6,2,8
Peltigera rufescens,1,1,2
Charybdis japonica,13,0,13
Alternanthera ficoidea,1,2,3
Aptenia cordifolia,13,2,15
Neisseria subflava,1,0,1
Triturus carnifex,1,1,2
Galeus melastomus,1,1,2
Lactobacillus delbrueckii,44,4,48
Ictalurus punctatus,2,0,2
Littorina littorea,42,3,45
Geobacillus thermodenitrificans,50,8,58
Quercus ilex,0,1,1
Thunnus thynnus,3,1,4
Eutrema japonicum,9,4,13
Pseudoalteromonas haloplanktis,26,2,28
Eisenia andrei,7,0,7
Candida intermedia,4,0,4
Cytisus scoparius,13,2,15
Enterococcus casseliflavus,3,0,3
Asterococcus superbus,1,0,1
Liposcelis bostrychophila,4,1,5
Pseudomonas aeruginosa,1339,141,1480
Stichococcus bacillaris,1,0,1
Strongylocentrotus franciscanus,3,0,3
Asterionella formosa,2,1,3
Micromonospora echinospora,2,0,2
Acetobacter pasteurianus,22,3,25
Clostridium tyrobutyricum,9,1,10
Euphorbia lathyris,1,0,1
Streptomyces violascens,23,0,23
Candida boidinii,120,3,123
Rhodococcus rhodnii,0,1,1
Acidithiobacillus thiooxidans,35,1,36
Yersinia kristensenii,6,0,6
Macrobrachium vollenhovenii,10,0,10
Eubacterium acidaminophilum,7,3,10
Lactobacillus otakiensis,1,0,1
Pasteurella multocida,7,2,9
Methanococcus voltae,10,4,14
Phragmites australis,2,3,5
Sulfolobus acidocaldarius,148,32,180
Leucaena leucocephala,31,2,33
Glyceria maxima,2,0,2
Leuconostoc lactis,20,1,21
Rhodosporidium toruloides,56,11,67
Odoribacter splanchnicus,3,0,3
Lactuca sativa,61,17,78
Torulopsis sphaerica,13,0,13
Neovison vison,2,0,2
Streptomyces noursei,1,0,1
Alnus glutinosa,1,0,1
Anthocidaris crassispina,25,2,27
Pediococcus acidilactici,7,1,8
Mycobacterium phlei,83,13,96
Phenylobacterium immobile,2,1,3
Turbatrix aceti,12,2,14
Ovis ammon,1,1,2
Luciola cruciata,4,2,6
Macaca fascicularis,43,13,56
Crotalus adamanteus,110,7,117
Leuconostoc citreum,1,0,1
Methanosarcina thermophila,107,27,134
Synanceia verrucosa,0,1,1
Eleusine indica,8,0,8
Streptomyces chartreusis,5,0,5
Peromyscus maniculatus,4,1,5
Candida sake,4,0,4
Rhamdia quelen,3,0,3
Streptomyces albaduncus,5,0,5
Bifidobacterium bifidum,59,18,77
Centella asiatica,2,0,2
Urocitellus richardsonii,3,5,8
Euonymus japonicus,12,0,12
Catenovulum agarivorans,7,0,7
Coxiella burnetii,4,0,4
Staphylococcus caprae,3,0,3
snake,6,0,6
Bacillus mycoides,14,0,14
Buchnera aphidicola,1,0,1
Nuphar lutea,2,0,2
Trachemys scripta elegans,9,0,9
Duboisia leichhardtii,0,4,4
Methylobacterium nodulans,1,0,1
Aeromonas jandaei,16,0,16
Lemna gibba,1,0,1
Nesterenkonia xinjiangensis,5,1,6
Bacillus methanolicus,18,6,24
Chlorella variegata,3,0,3
Gadus macrocephalus,8,0,8
Sphingosinicella microcystinivorans,1,0,1
Novispirillum itersonii,5,0,5
Caryophanon latum,1,0,1
Actinoplanes missouriensis,5,0,5
Serratia plymuthica,7,0,7
Pseudoalteromonas espejiana,3,0,3
Passiflora edulis,0,1,1
Helicoverpa zea,17,1,18
Clitoria ternatea,5,0,5
Neisseria meningitidis,196,14,210
Nilaparvata lugens,0,2,2
Clostridium aminovalericum,11,1,12
Thermobispora bispora,0,1,1
Tropidechis carinatus,0,2,2
Neobellieria bullata,10,0,10
Salinibacter ruber,2,8,10
Triphysaria versicolor,2,0,2
Mentha x piperita,37,4,41
Asteroidea,9,3,12
Papio anubis,9,0,9
Ochromonas malhamensis,4,4,8
Simmondsia chinensis,8,3,11
Thermoanaerobacterium thermosulfurigenes,19,0,19
Euterpe oleracea,10,1,11
Chryseobacterium indologenes,3,0,3
Shewanella sediminis,0,1,1
Lolium perenne,4,0,4
Bonnemaisonia hamifera,0,1,1
Acetobacter aceti,42,1,43
Ruminococcus flavefaciens,12,0,12
Salinivibrio costicola,14,4,18
Naja oxiana,5,0,5
Priacanthus macracanthus,2,0,2
Bacteroides fragilis,87,7,94
Abrus precatorius,1,0,1
Ficus elastica,3,1,4
Desulfurococcus amylolyticus,3,0,3
Rhodospirillum rubrum,141,41,182
Bacillus megaterium,232,69,301
Clostridium bifermentans,1,0,1
Providencia rettgeri,9,0,9
Ruminococcus torques,2,0,2
Nicotiana glutinosa,19,2,21
Haemophilus haemolyticus,9,0,9
Solanum habrochaites,1,0,1
Clostridium cellulolyticum,1,0,1
Staphylococcus xylosus,2,2,4
Pinus koraiensis,0,1,1
Clostridium sporogenes,17,2,19
Streptococcus sanguinis,15,3,18
Lepidochelys kempii,1,1,2
Arthrobacter viscosus,11,17,28
Clupea harengus,1,0,1
Brucella melitensis,18,1,19
Enterococcus faecalis,584,42,626
Selenastrum capricornutum,7,1,8
Staphylococcus capitis,4,0,4
Ailanthus altissima,1,0,1
Chiloscyllium punctatum,2,1,3
Streptomyces plicatus,16,0,16
Amaranthus hypochondriacus,10,3,13
Streptomyces cinnamonensis,20,2,22
Streptomyces olivochromogenes,7,7,14
Staphylococcus warneri,8,1,9
Prevotella denticola,2,0,2
Acanthaster planci,1,0,1
Agromyces mediolanus,2,0,2
Uronema marinum,6,1,7
Streptococcus acidominimus,0,1,1
Solanum peruvianum,37,1,38
Rhyzopertha dominica,10,0,10
Bacillus agaradhaerens,11,5,16
Palaemon serratus,17,2,19
Bacillus fastidiosus,35,0,35
Agave americana,10,0,10
Crataegus laevigata,2,0,2
Sinomonas atrocyanea,7,11,18
Bruguiera gymnorhiza,1,0,1
Mimosa pudica,4,0,4
Streptomyces yokosukanensis,6,0,6
Corynebacterium ammoniagenes,33,4,37
Onobrychis viciifolia,25,0,25
Pinus pinea,6,1,7
Streptomyces bikiniensis,15,0,15
Paralichthys olivaceus,60,13,73
Clostridium cochlearium,11,0,11
Ectocarpus siliculosus,4,0,4
Parophrys vetulus,5,0,5
Lysobacter enzymogenes,15,1,16
Metallosphaera hakonensis,1,2,3
Lethocerus griseus,0,1,1
Dactylosporangium thailandense,0,1,1
Bacillus firmus,7,1,8
Mamestra configurata,1,0,1
Aeropyrum camini,1,0,1
Solanum x edinense,1,0,1
Lachnospira multipara,5,0,5
Pteropus alecto,1,0,1
Myzus persicae,1,0,1
Oxalobacter formigenes,11,1,12
Serratia fonticola,3,0,3
Streptococcus intermedius,0,1,1
Avena fatua,1,0,1
Bacteroides vulgatus,4,1,5
Pseudopterogorgia elisabethae,2,0,2
Pyrobaculum islandicum,7,7,14
Clostridium cylindrosporum,32,1,33
Riccia fluitans,8,8,16
Acidovorax avenae,2,1,3
Microbacterium liquefaciens,3,0,3
Mallomonas caudata,1,0,1
Sphingopyxis macrogoltabida,8,1,9
Pomacea canaliculata,2,0,2
Sulfolobus metallicus,1,0,1
Aggregatibacter actinomycetemcomitans,2,0,2
Torulopsis versatilis,13,0,13
Dryopteris filix-mas,1,1,2
Pseudoalteromonas tetraodonis,3,0,3
Acidiphilium organovorum,4,0,4
Camptotheca acuminata,1,3,4
Marinomonas mediterranea,9,0,9
Lathyrus odoratus,16,0,16
Zalophus californianus,1,0,1
Fungi,4,0,4
Arthrobacter nicotianae,44,6,50
Bromus carinatus,0,2,2
Oligotropha carboxidovorans,4,0,4
Glebionis segetum,8,1,9
Petromyzon marinus,2,1,3
Mus booduga,2,0,2
Brochothrix thermosphacta,4,2,6
Nicotiana alata,1,4,5
Galeocerdo cuvier,1,0,1
Methylibium petroleiphilum,0,1,1
Enterococcus hirae,25,0,25
Anthoceros agrestis,1,0,1
Thioalkalivibrio nitratireducens,6,0,6
Eclipta prostrata,33,0,33
Natronomonas pharaonis,5,0,5
Sea urchin,4,0,4
Mentha x gracilis,2,0,2
Proteus penneri,2,0,2
Viola tricolor,5,0,5
Vitis amurensis,0,1,1
Persephonella marina,3,0,3
Clonorchis sinensis,19,0,19
Phytophthora infestans,4,1,5
Thermoanaerobacter brockii,9,1,10
Desulfotalea psychrophila,0,1,1
Cryptosporidium hominis,23,0,23
Phyllostachys edulis,14,4,18
Culex pipiens,2,1,3
Biomphalaria glabrata,12,2,14
Hydrogenophaga palleronii,2,0,2
Eleginus gracilis,3,0,3
Pyrococcus woesei,23,4,27
Macrococcus caseolyticus,10,1,11
Terrabacter ginsenosidimutans,2,0,2
Lactobacillus casei,162,7,169
Liza saliens,6,0,6
Paenibacillus macerans,21,17,38
Streptococcus agalactiae,96,3,99
Streptomyces flocculus,4,0,4
Mycoplasma gallinarum,1,0,1
Artemia franciscana,1,0,1
Streptomyces purpurascens,5,0,5
Antirrhinum majus,17,1,18
Trimeresurus malabaricus,9,0,9
Panax ginseng,9,4,13
Eubacterium barkeri,38,6,44
Rhodococcus pyridinivorans,0,1,1
Alca torda,1,0,1
Citrobacter koseri,5,0,5
Capra hircus,217,21,238
Dryopteris erythrosora,0,1,1
Lepas anatifera,1,0,1
Klebsiella pneumoniae,314,57,371
Weissella confusa,12,1,13
Phytolacca americana,1,0,1
Prevotella melaninogenica,1,0,1
Chlorocebus aethiops,127,14,141
Staphylococcus lugdunensis,0,1,1
Saccharopolyspora erythraea,35,1,36
Thiobacillus thioparus,67,7,74
Bartonella henselae,6,0,6
Yersinia pseudotuberculosis,17,1,18
Cephaloleia presignis,7,1,8
Capsicum annuum,47,13,60
Rhizobium phaseoli,4,0,4
Cryptosporidium muris,1,0,1
Dunaliella tertiolecta,5,1,6
Rosa laevigata,0,1,1
Abies grandis,45,4,49
Petrotoga mobilis,7,0,7
Moritella abyssi,2,0,2
Desulfovibrio fructosivorans,1,0,1
Pseudomonas luteola,7,0,7
Candida rugosa,21,4,25
Cuscuta reflexa,8,0,8
Asparagus officinalis,24,4,28
Trachemys scripta,10,3,13
Pleurodeles waltl,3,0,3
Skeletonema costatum,6,0,6
Kocuria rosea,47,1,48
Populus trichocarpa,12,2,14
Oenococcus oeni,22,5,27
Microbacterium trichothecenolyticum,2,0,2
Carum carvi,4,0,4
Scomberomorus sierra,2,0,2
Pseudomonas reinekei,2,0,2
Trichoplusia ni,22,4,26
Brevibacillus agri,1,0,1
Bryum argenteum,0,3,3
Methylobacterium extorquens,32,12,44
Micrococcus luteus,148,49,197
Callistephus chinensis,13,0,13
Desulfovibrio gigas,31,1,32
Thermotoga thermarum,12,2,14
Hylobates pileatus,2,0,2
Pseudomonas carboxydohydrogena,1,0,1
Actinoplanes auranticolor,0,1,1
Sesbania virgata,1,0,1
Fusobacterium mortiferum,3,1,4
Arenibacter latericius,8,0,8
Gossypium arboreum,1,0,1
Agarivorans albus,11,4,15
Asterias rubens,26,4,30
Albizia julibrissin,3,0,3
Matthiola incana,29,1,30
Bacillus coagulans,82,25,107
Thermotoga hypogea,7,0,7
Paracentrotus lividus,6,0,6
Sinningia cardinalis,10,0,10
Fragaria x ananassa,24,12,36
Burkholderia pyrrocinia,3,0,3
Salaria basilisca,4,0,4
Clostridium tertium,2,0,2
Didelphis virginiana,0,1,1
Lactobacillus panis,1,0,1
Hyphantria cunea,3,0,3
Chlamydomonas reinhardtii,298,68,366
Actinomyces israelii,3,0,3
Lactobacillus crispatus,1,2,3
Streptomyces griseocarneus,12,3,15
Starkeya novella,45,15,60
Caenorhabditis elegans,136,47,183
Lemna minor,12,2,14
Clostridium baratii,7,2,9
Populus tremuloides,11,1,12
Filipendula vulgaris,1,0,1
Portulaca oleracea,16,0,16
Acidaminococcus fermentans,13,4,17
Azotobacter vinelandii,222,40,262
Trematomus newnesi,1,3,4
Zoysia japonica,1,0,1
Astacus astacus,40,0,40
Streptococcus thermophilus,35,7,42
Hymenaea courbaril,1,0,1
Macrovipera lebetina,2,1,3
Citrobacter braakii,18,3,21
Pusa hispida ladogensis,7,0,7
Eisenia fetida,24,0,24
Pyrocystis lunula,16,0,16
Spodoptera frugiperda,85,5,90
Tinca tinca,2,0,2
Helicobacter pylori,468,29,497
Thermoanaerobacter italicus,1,0,1
Gordonia alkanivorans,1,0,1
Laticauda semifasciata,0,1,1
Gammarus pulex,4,0,4
Busycotypus canaliculatus,6,0,6
Dasypyrum villosum,4,0,4
Picea rubens,1,0,1
Acetabularia acetabulum,14,2,16
Rubrivivax gelatinosus,21,17,38
Picea sitchensis,2,1,3
Pelvetia canaliculata,1,0,1
Listeria innocua,2,0,2
Chondrus crispus,6,3,9
Picrophilus oshimae,2,0,2
Leptotrichia buccalis,3,0,3
Amaranthus tricolor,0,1,1
Parona signata,1,0,1
Taxus canadensis,3,1,4
Panax quinquefolius,0,1,1
Prunus serotina,18,0,18
Streptomyces psammoticus,12,0,12
Poecilia reticulata,2,0,2
Gluconobacter oxydans,173,26,199
Trifolium repens,3,0,3
Euphausia superba,8,1,9
Mycoplasma genitalium,6,1,7
Yersinia bercovieri,6,0,6
Clostridium butyricum,43,22,65
shark,11,0,11
Rhodoblastus acidophilus,1,4,5
Coturnix japonica,10,0,10
Lingulodinium polyedrum,17,0,17
Paenibacillus campinasensis,23,3,26
Thermobifida alba,4,0,4
Variovorax paradoxus,6,0,6
Syntrophus aciditrophicus,1,0,1
Streptomyces aureofaciens,64,14,78
Lactococcus raffinolactis,0,1,1
Avicennia marina,3,1,4
Papaver rhoeas,2,0,2
Naja atra,5,0,5
Thalassiosira weissflogii,10,0,10
Haloferax denitrificans,4,0,4
Desulfomicrobium norvegicum,2,0,2
Pseudoalteromonas tunicata,9,0,9
Crocodylus acutus,1,0,1
Marchantia polymorpha,10,0,10
Thauera butanivorans,4,5,9
Leptonychotes weddellii,30,0,30
Erythrobacter litoralis,0,1,1
Carica papaya,173,20,193
Saimiri sciureus,8,0,8
Nepeta racemosa,6,0,6
Sulfobacillus acidophilus,0,1,1
Flaveria chlorifolia,6,0,6
Dechloromonas agitata,3,0,3
Pteridium aquilinum,3,4,7
Cucumis melo,33,3,36
Flavobacteriia,8,0,8
Cyperus rotundus,0,1,1
Streptomyces azureus,4,0,4
Ureaplasma parvum,13,1,14
Gillichthys mirabilis,0,1,1
Branchiostoma belcheri,3,0,3
Lactobacillus jensenii,5,0,5
Pteris vittata,4,6,10
Arabella iricolor,3,0,3
Zinnia violacea,3,0,3
Botryococcus braunii,9,2,11
Prevotella nigrescens,4,0,4
Pseudomonas straminea,41,6,47
Meiothermus taiwanensis,4,0,4
Streptomyces achromogenes,1,0,1
Methanothermus sociabilis,0,2,2
Drosophila hydei,1,0,1
Rhodococcus erythropolis,157,10,167
Bromus tectorum,0,2,2
Digitalis lanata,15,3,18
Farfantepenaeus paulensis,2,0,2
Nicotiana langsdorffii,0,1,1
Cellulomonas fimi,16,3,19
Canavalia ensiformis,291,2,293
Coprothermobacter proteolyticus,5,2,7
Eremosphaera viridis,0,4,4
Chironomus riparius,18,0,18
Moraxella catarrhalis,26,0,26
Burkholderia pseudomallei,19,2,21
Scorpaena scrofa,4,0,4
Linum usitatissimum,14,7,21
Cichla ocellaris,15,0,15
Thermococcus chitonophagus,3,0,3
Macrovipera lebetina transmediterranea,1,0,1
Pontonia pinnophylax,2,0,2
Cystoclonium purpureum,0,1,1
Brevundimonas vesicularis,13,2,15
Stomoxys calcitrans,12,2,14
Burkholderia gladioli,4,0,4
Streptomyces sanglieri,6,3,9
Neisseria canis,1,0,1
Pediococcus pentosaceus,47,2,49
Polyides rotundus,0,1,1
Shigella flexneri,24,4,28
Halorubrum lacusprofundi,4,0,4
Lactobacillus plantarum,132,66,198
Crotalus atrox,60,2,62
Macroptilium atropurpureum,3,0,3
Macrobrachium olfersii,12,0,12
Haemophilus influenzae,373,26,399
Pseudomonas oleovorans,8,1,9
Prochlorococcus marinus,1,1,2
Plantago lanceolata,1,2,3
Anticarsia gemmatalis,2,0,2
Microlunatus phosphovorus,3,0,3
Neisseria perflava,7,1,8
Aeromonas salmonicida,0,2,2
Prevotella loescheii,1,0,1
Campylobacter jejuni,33,8,41
Ascaridia galli,1,0,1
Theobroma cacao,4,0,4
Sus scrofa,4540,437,4977
Naegleria fowleri,11,22,33
Opuntia ficus-indica,1,0,1
Streptococcus downei,0,1,1
Bactris gasipaes,3,1,4
Amaranthus cruentus,1,0,1
Cichorium intybus,32,8,40
Silene vulgaris,0,1,1
Zabrotes subfasciatus,7,0,7
Bemisia tabaci,2,0,2
Drosophila virilis,2,7,9
Xanthomonas campestris,43,6,49
Anaplasma marginale,4,0,4
Lactobacillus murinus,8,2,10
Scylla serrata,2,0,2
Clibanarius vittatus,2,1,3
Panulirus argus,2,0,2
Rhodococcus ruber,1,1,2
Propionibacterium acidipropionici,4,0,4
Echinochloa colona,1,0,1
Streptomyces galbus,7,0,7
Citrus maxima,18,1,19
Cavia aperea,7,1,8
Arthrobacter crystallopoietes,17,0,17
Nepenthes distillatoria,7,0,7
Rhodotorula aurantiaca,8,3,11
Solenocera melantho,3,0,3
Moraxella nonliquefaciens,5,0,5
Geobacter sulfurreducens,3,0,3
Streptomyces seoulensis,1,0,1
Saccharophagus degradans,17,0,17
Saccharomyces fragilis,27,2,29
Yersinia intermedia,8,1,9
Gallus gallus,1499,282,1781
Tyto alba,0,2,2
Anguilla japonica,0,5,5
Amaranthus tuberculatus,3,0,3
Pieris rapae,3,0,3
Beggiatoa alba,2,0,2
Cellvibrio mixtus,1,0,1
Ceratitis capitata,17,0,17
Pimephales promelas,0,1,1
Laceyella sacchari,34,0,34
Rana temporaria,9,7,16
Trimeresurus stejnegeri,5,0,5
Methanospirillum hungatei,17,3,20
Paenibacillus thiaminolyticus,11,11,22
Pinus contorta,11,0,11
Mycobacterium abscessus,9,0,9
Cellulomonas uda,9,0,9
Actinidia chinensis,17,1,18
Allium tuberosum,3,1,4
Macaca fuscata fuscata,13,0,13
Laceyella putida,4,5,9
Shigella dysenteriae,25,19,44
Leifsonia aquatica,1,0,1
Chionodraco hamatus,2,0,2
Metridium senile,7,0,7
Streptomyces parvus,6,0,6
Mycobacterium goodii,3,0,3
Streptomyces cacaoi,5,0,5
Dendrobaena veneta,4,0,4
Xanthomonas oryzae,8,0,8
Anastrepha fraterculus,0,2,2
Clostridium paraputrificum,15,1,16
Vogesella indigofera,15,1,16
Cyprinus carpio,105,14,119
Rothia dentocariosa,1,1,2
Citrullus lanatus,8,1,9
Agkistrodon piscivorus piscivorus,2,2,4
Halobacterium salinarum,77,31,108
Mycoplasma penetrans,4,0,4
Anguilla rostrata,2,1,3
Candida parapsilosis,144,5,149
Weissella cibaria,8,0,8
Ximenia americana,4,0,4
Pseudomonas knackmussii,7,1,8
Solanum melongena,32,3,35
Pyrus pyrifolia,14,2,16
Clostridium chauvoei,10,1,11
Cystoseira tamariscifolia,8,0,8
Ipomoea hederacea,1,0,1
Diabrotica virgifera,1,0,1
Geobacillus kaustophilus,7,1,8
Cricetus cricetus,2,0,2
dogfish,12,0,12
Anaerobiospirillum succiniciproducens,1,0,1
Methanocaldococcus jannaschii,239,37,276
Cistus incanus,9,0,9
Sardinella aurita,11,0,11
Cerastes cerastes,3,0,3
Thermotoga petrophila,8,0,8
Nephtys caeca,6,0,6
Senecio vulgaris,10,0,10
Saponaria officinalis,3,2,5
Streptomyces griseoviridis,13,2,15
Bromus rubens,0,2,2
Torulopsis candida,3,0,3
Sanguinaria canadensis,16,0,16
Crocus sativus,17,3,20
Petiveria alliacea,1,0,1
Vigna umbellata,17,1,18
Mycoplasma hyorhinis,5,0,5
Caulobacter vibrioides,38,4,42
Pyrococcus furiosus,207,58,265
Streptococcus equinus,5,4,9
Streptococcus pneumoniae,742,21,763
Rahnella aquatilis,4,0,4
Corylus avellana,19,0,19
Mya arenaria,0,2,2
Shigella boydii,11,2,13
Geobacillus stearothermophilus,473,65,538
Misgurnus mizolepis,15,4,19
Xenorhabdus nematophila,6,4,10
Notropis hudsonius,0,1,1
Chaetopterus variopedatus,2,0,2
Spodoptera litura,0,1,1
Ipomoea nil,10,6,16
Pectobacterium atrosepticum,1,0,1
Phascolopsis gouldii,1,0,1
Fundulus heteroclitus,3,7,10
Pinus halepensis,2,0,2
Testudo graeca nabeulensis,5,0,5
Amphidinium carterae,2,0,2
Lactobacillus fermentum,38,2,40
Alcaligenes faecalis,134,27,161
Diceros bicornis,3,2,5
Pseudoalteromonas carrageenovora,5,0,5
Streptomyces albus,19,0,19
Bombyx mori,127,14,141
Bubalus bubalis,20,8,28
Podophyllum peltatum,2,0,2
Caldanaerobius polysaccharolyticus,14,0,14
Catostomus commersonii,0,1,1
Diploptera punctata,6,0,6
Calanus finmarchicus,4,1,5
Derxia gummosa,38,0,38
Streptomyces tendae,4,6,10
Angiostrongylus cantonensis,8,1,9
Ancylobacter aquaticus,5,0,5
Glycyrrhiza glabra,1,0,1
Ocimum basilicum,4,0,4
Gecarcinus lateralis,0,1,1
Callospermophilus lateralis,11,0,11
Berberidaceae,1,0,1
Xenorhabdus kozodoii,3,0,3
Ginglymostoma cirratum,2,0,2
Xanthisma gracile,6,1,7
Brassica juncea,118,7,125
Burkholderia lata,3,0,3
Aeropyrum pernix,100,8,108
Thermoplasma acidophilum,119,29,148
Streptomyces viridiviolaceus,2,0,2
Solanum chacoense,5,0,5
Naja haje,1,0,1
Bothrops jararaca,26,0,26
Silene dioica,14,13,27
Ficus benjamina,0,1,1
Lablab purpureus,20,2,22
Tanacetum vulgare,2,0,2
Mycobacterium ulcerans,4,0,4
Setaria faberi,2,0,2
Photobacterium leiognathi,9,0,9
Alkalimonas amylolytica,11,0,11
Gardenia jasminoides,7,0,7
Trimeresurus gramineus,1,0,1
Candida albicans,738,67,805
Persea americana,29,20,49
Streptomyces roseolus,5,0,5
Aporrectodea caliginosa,3,0,3
Helianthus annuus,74,19,93
Macropus eugenii,2,4,6
Corynebacterium callunae,25,1,26
Haloarcula vallismortis,27,12,39
Polysiphonia nigrescens,0,1,1
Cirrhinus mrigala,11,0,11
Argopecten irradians concentricus,9,2,11
Cyanea nozakii,5,3,8
Streptomyces endus,4,0,4
Sporosarcina ureae,11,0,11
Methanothermobacter marburgensis,31,4,35
Cuscuta japonica,0,1,1
Ptilota filicina,1,0,1
Musa x paradisiaca,42,10,52
Salvelinus fontinalis,2,0,2
Asparagus setaceus,4,3,7
Chondrichthyes,3,0,3
Streptomyces avermitilis,15,6,21
Nesterenkonia halobia,2,0,2
Procambarus clarkii,14,1,15
Alternaria alternata,15,1,16
Cryptomeria japonica,10,0,10
Burkholderia mallei,7,1,8
Bacteroides xylanisolvens,3,0,3
Armadillo officinalis,2,0,2
Symbiobacterium thermophilum,9,0,9
Ferroplasma acidiphilum,4,0,4
Heterodera glycines,2,0,2
Proteus vulgaris,66,9,75
Salmo salar,31,9,40
Pelobacter acetylenicus,6,3,9
Thermococcus profundus,2,0,2
Arthrobacter nitroguajacolicus,5,0,5
Bacillus subtilis,1195,167,1362
Parthenocissus tricuspidata,1,0,1
Jatropha curcas,6,2,8
Neisseria sicca,8,0,8
Vibrio parahaemolyticus,41,2,43
Neanthes virens,24,4,28
Methanohalophilus portucalensis,6,1,7
Streptomyces griseorubiginosus,25,0,25
Echinochloa phyllopogon,0,1,1
Microbulbifer thermotolerans,7,0,7
Embryophyta,19,8,27
Pectobacterium wasabiae,17,1,18
Walterinnesia aegyptia,17,0,17
Clostridium tetanomorphum,47,15,62
Cryptococcus terreus,0,1,1
Exiguobacterium aurantiacum,1,0,1
Planomonospora venezuelensis,0,1,1
Bacillus circulans,186,26,212
Roseobacter denitrificans,3,1,4
Liza aurata,3,0,3
Psychrobacter immobilis,1,0,1
Persephonella hydrogeniphila,1,0,1
Sardinops sagax,4,0,4
Oryzaephilus surinamensis,2,0,2
Helicobacter hepaticus,0,1,1
Basidiomycota,12,1,13
Nicotiana sylvestris,15,0,15
Eschscholzia californica,17,6,23
Candida mycoderma,15,2,17
Micromonospora viridifaciens,2,0,2
Stigmatella aurantiaca,4,1,5
Ursus thibetanus,3,0,3
Daucus carota,151,43,194
Virgibacillus pantothenticus,0,1,1
Pantoea agglomerans,45,4,49
Anas platyrhynchos,62,6,68
Lutjanus vitta,3,0,3
Lyrodus pedicellatus,2,0,2
Picea abies,8,2,10
Methanobrevibacter ruminantium,1,0,1
Cupiennius salei,8,0,8
Homarus americanus,12,1,13
Haloarcula marismortui,17,2,19
Apium graveolens,21,2,23
Rhizobium lupini,1,0,1
Ensifer adhaerens,10,1,11
Oxydoras sifontesi,1,0,1
Tabernaemontana divaricata,3,1,4
Thermotoga lettingae,2,0,2
Bordetella bronchiseptica,13,0,13
Pan troglodytes,2,2,4
Raoultella terrigena,8,0,8
Ucides cordatus,1,0,1
Thermoanaerobacterium thermosaccharolyticum,37,0,37
Nitrobacter winogradskyi,34,3,37
Clostridium innocuum,1,2,3
Mycobacterium gastri,5,0,5
Tribolium confusum,2,0,2
Vigna angularis,24,7,31
Pilimelia terevasa,0,1,1
Microbacterium arborescens,1,0,1
Lysinibacillus sphaericus,190,16,206
Methylopila helvetica,2,1,3
Cynara cardunculus,2,0,2
Tetrahymena,3,0,3
Branchiostoma lanceolatum,0,2,2
Dumontia incrassata,0,1,1
Bacillus nealsonii,6,0,6
Lobularia maritima,0,1,1
Clarias batrachus,16,5,21
Agkistrodon contortrix contortrix,7,1,8
Prunus salicina,1,8,9
Heliotropium angiospermum,1,0,1
squid,1,9,10
Thermotoga neapolitana,37,7,44
Palinurus elephas,2,0,2
Cyclotella cryptica,5,1,6
Moritella marina,7,1,8
Pantoea ananatis,4,4,8
Nephrolepis exaltata,1,0,1
Rickettsia prowazekii,1,1,2
Rachycentron canadum,4,0,4
Grammatophora oceanica,1,0,1
Cavia porcellus,893,143,1036
Styela plicata,10,0,10
Octopus vulgaris,7,5,12
Thermomicrobium roseum,11,0,11
Acidovorax facilis,1,1,2
Antheraea polyphemus,2,0,2
Spinacia oleracea,711,180,891
Furcellaria fastigiata,0,1,1
Finegoldia magna,2,0,2
Bradyrhizobium japonicum,57,12,69
Halorubrum xinjiangense,7,13,20
Corynebacterium pseudotuberculosis,2,0,2
Lactobacillus curvatus,14,3,17
Toxicodendron vernicifluum,5,6,11
Clostridium sordellii,2,0,2
Calotropis procera,6,0,6
Castilleja indivisa,3,0,3
Aedes aegypti,23,6,29
Gadus morhua,21,0,21
Crassostrea virginica,9,1,10
Ceratonia siliqua,3,0,3
Dactylis glomerata,2,0,2
Cryphonectria parasitica,18,0,18
Teredinibacter turnerae,1,0,1
Frog,14,1,15
Lentzea albida,1,0,1
Prevotella ruminicola,2,1,3
Lactobacillus reuteri,39,4,43
Ricinus communis,226,40,266
Leuconostoc pseudomesenteroides,3,0,3
Rubrobacter xylanophilus,2,0,2
More,3,0,3
Amorphophallus konjac,9,1,10
Silybum marianum,2,2,4
Festuca rubra,2,0,2
Carthamus tinctorius,17,3,20
Sitophilus zeamais,10,0,10
Foeniculum vulgare,6,0,6
Metallosphaera sedula,11,2,13
Streptomyces thioluteus,1,0,1
Prevotella buccae,1,0,1
Lupinus angustifolius,51,2,53
Lasallia pustulata,2,0,2
Parietaria judaica,13,0,13
Streptomyces thermocarboxydus,8,3,11
Brevicoryne brassicae,5,1,6
Electrophorus electricus,495,6,501
Echinochloa crus-galli,70,2,72
Thalassiosira pseudonana,8,5,13
Pinus densiflora,31,4,35
Streptococcus mutans,128,22,150
Sporolactobacillus laevolacticus,4,2,6
Berryteuthis magister,24,0,24
Sporobolomyces roseus,1,0,1
Sulfolobus tokodaii,124,17,141
Pleuronichthys verticalis,5,0,5
Mycobacterium leprae,20,4,24
Lamprobacter modestohalophilus,4,0,4
Deinococcus radiodurans,63,10,73
Potorous tridactylus,1,0,1
Blaberus craniifer,2,0,2
Stylophora pistillata,94,18,112
Dosidicus gigas,10,4,14
Parvimonas micra,1,0,1
Brachyspira pilosicoli,5,0,5
Nocardia farcinica,9,0,9
Momordica charantia,9,0,9
Sesamum indicum,8,3,11
Streptomyces lavendulae,18,1,19
Taraxacum officinale,9,0,9
Asterias amurensis,2,0,2
Bubo scandiacus,1,0,1
Haloarcula argentinensis,6,0,6
Hanseniaspora valbyensis,10,1,11
Thermus aquaticus,73,16,89
Veillonella atypica,4,1,5
Necturus maculosus,4,0,4
Lupinus arboreus,12,0,12
Myroides profundi,9,0,9
Bison bison,1,3,4
Methylococcus capsulatus,64,12,76
Natronococcus occultus,3,1,4
Streptomyces exfoliatus,18,0,18
Lycium barbarum,3,0,3
Clarias gariepinus,4,5,9
Lindernia dubia,1,1,2
Nitrosomonas europaea,71,14,85
Pediococcus parvulus,5,3,8
Pseudomonas fragi,50,2,52
Rhodobacter sphaeroides,281,49,330
Brassica oleracea,96,17,113
Vaccinium myrtillus,4,0,4
Allochromatium vinosum,41,18,59
Chloroflexus aurantiacus,19,2,21
Drosophila pseudoobscura,0,2,2
Streptomyces massasporeus,1,0,1
salmon,15,0,15
Hedera helix,0,1,1
Bos grunniens,9,0,9
Pecten maximus,29,2,31
Deschampsia antarctica,0,2,2
Chlorophyceae,1,0,1
Archaea,1,2,3
Chlorobium limicola,19,0,19
Sotalia fluviatilis,4,14,18
Bacillus amyloliquefaciens,90,14,104
Aeribacillus pallidus,39,3,42
Sphingosinicella xenopeptidilytica,1,1,2
Pyrococcus horikoshii,84,13,97
Oncorhynchus masou,5,0,5
Bacteroides intestinalis,0,2,2
Catharanthus roseus,137,17,154
dolphin,5,0,5
Nicotiana attenuata,5,1,6
Serratia marcescens,246,55,301
Renilla reniformis,39,2,41
Methylophaga aminisulfidivorans,2,0,2
Xiphophorus hellerii,1,0,1
Anser anser,7,3,10
Tachypleus tridentatus,20,6,26
Physcomitrella patens,21,8,29
Lactobacillus brevis,49,10,59
Synanceia horrida,3,0,3
Caenorhabditis briggsae,0,1,1
Staphylococcus aureus,1625,61,1686
Epinephelus coioides,8,0,8
Lethenteron camtschaticum,1,4,5
Ochrosia elliptica,1,0,1
Serratia proteamaculans,22,0,22
Valvata piscinalis,2,0,2
Bacillus niacini,6,0,6
Litchi chinensis,5,0,5
Chlorogonium elongatum,7,0,7
Vibrio harveyi,89,11,100
Thermus brockianus,2,0,2
Bacillus halodurans,42,5,47
Bifidobacterium dentium,4,0,4
Arachis hypogaea,122,51,173
Methylophilus methylotrophus,14,1,15
Staphylococcus haemolyticus,15,0,15
Coix lacryma-jobi,0,1,1
Bromus hordeaceus,0,2,2
Candida macedoniensis,10,0,10
Apis mellifera,82,16,98
Alternaria tenuissima,11,0,11
Lunularia cruciata,3,0,3
Aphrodita aculeata,10,0,10
Clostridium histolyticum,431,0,431
Cellvibrio japonicus,8,0,8
Acanthophis rugosus,1,0,1
Naja kaouthia,3,0,3
Paenibacillus alginolyticus,5,0,5
Leptospira interrogans,26,0,26
Achatina fulica,6,0,6
Mucuna pruriens,3,2,5
Callosobruchus chinensis,4,2,6
Rhinella arenarum,8,1,9
Lactobacillus paracasei,12,0,12
Gloydius shedaoensis,2,0,2
Entamoeba invadens,2,1,3
Methanothermococcus thermolithotrophicus,2,1,3
Serratula tinctoria,1,0,1
Vulcanithermus mediatlanticus,4,0,4
Streptomyces alboniger,2,0,2
Streptomyces mobaraensis,30,1,31
Pinus massoniana,1,0,1
Helix aspersa,12,6,18
Streptococcus oralis,1,0,1
Polygonatum multiflorum,0,1,1
Phaeodactylum tricornutum,30,7,37
Mougeotia scalaris,0,4,4
Sophora flavescens,7,0,7
Persicaria minor,5,1,6
Phalaris aquatica,5,0,5
Oncorhynchus nerka,6,0,6
Callosobruchus maculatus,9,1,10
Streptomyces olivaceus,14,0,14
Bambusa oldhamii,10,2,12
Halomonas eurihalina,2,0,2
Quercus rubra,2,0,2
Urochloa panicoides,7,3,10
Parthenium hysterophorus,0,1,1
Geobacillus caldoxylosilyticus,7,2,9
Candida humicola,5,1,6
Mastigocladus laminosus,14,2,16
Streptococcus cristatus,2,0,2
Dicranopteris linearis,0,1,1
Bartonella bacilliformis,4,0,4
Rhodotorula graminis,47,2,49
Oscillatoria limnetica,5,0,5
Alternanthera pungens,1,2,3
Alexandrium minutum,1,0,1
Arthrobacter pascens,35,0,35
Streptomyces glaucescens,76,0,76
Tenebrio molitor,70,4,74
Eriocheir sinensis,1,0,1
Dioscorea bulbifera,21,0,21
Mycoplasma hyopneumoniae,7,0,7
Hemiselmis virescens,8,0,8
Robinia pseudoacacia,2,2,4
Atriplex nummularia,0,1,1
Sphingobium japonicum,1,0,1
Acanthamoeba culbertsoni,21,4,25
Chenopodium album,67,1,68
Albatrossia pectoralis,10,0,10
Chaetoceros decipiens,1,0,1
Papaver bracteatum,1,1,2
Lytechinus variegatus,9,0,9
Pimpinella anisum,17,0,17
Prunus dulcis,52,4,56
Bacteroides stercoris,20,3,23
Chlorella sorokiniana,4,1,5
Sansevieria trifasciata,3,0,3
Gadus morhua callarias,7,0,7
Ruminobacter amylophilus,12,1,13
Hordeum vulgare,377,101,478
Enterococcus gallinarum,5,0,5
Burkholderia ambifaria,4,0,4
Chlorocebus sabaeus,2,1,3
Propionigenium modestum,6,1,7
Thermodesulfobacterium thermophilum,1,0,1
Schistocerca nitens,2,0,2
Agama agama,7,0,7
Thermofilum pendens,15,7,22
Treponema denticola,54,7,61
Aulacoseira granulata,1,0,1
Eubacterium oxidoreducens,10,0,10
Cancer pagurus,4,0,4
Dehalobacter restrictus,2,0,2
Pseudomonas citronellolis,3,0,3
Providencia stuartii,39,1,40
Lupinus polyphyllus,17,2,19
Orconectes limosus,7,0,7
Sulfurospirillum barnesii,1,0,1
Citrobacter amalonaticus,22,0,22
Thermococcus litoralis,71,7,78
Corynebacterium jeikeium,5,0,5
Desulfitobacterium hafniense,10,1,11
Vigna radiata var. radiata,201,42,243
Pelophylax perezi,1,0,1
Photobacterium phosphoreum,25,2,27
Moritella profunda,5,1,6
Nilssonia gangetica,1,0,1
Lactobacillus collinoides,5,0,5
Ficus religiosa,8,0,8
Yersinia mollaretii,4,0,4
Populus deltoides,0,3,3
Castellaniella defragrans,16,5,21
Cylindrotheca fusiformis,1,0,1
Desmodium paniculatum,1,0,1
Thermococcus kodakarensis,43,24,67
Melissa officinalis,1,0,1
Mycoplasma mycoides,7,2,9
Thunbergia alata,2,0,2
Candida tenuis,22,10,32
Rhodocyclus purpureus,2,3,5
Raoultella planticola,7,0,7
Streptomyces thermoviolaceus,14,1,15
Bombus atratus,2,2,4
Tetraodon nigroviridis,0,1,1
Xiphophorus maculatus,1,0,1
Tamarindus indica,0,2,2
Burkholderia stabilis,12,0,12
Burkholderia glumae,2,2,4
Spodoptera eridania,5,2,7
Ovis aries aries,72,6,78
Isoptericola jiangsuensis,2,0,2
Annona cherimola,2,0,2
Streptomyces longisporoflavus,6,2,8
Nephtys hombergii,2,0,2
Lycopodium clavatum,0,1,1
Mus musculus domesticus,2,0,2
Hemachatus haemachatus,1,0,1
Pseudomonas alcaligenes,37,7,44
Lactobacillus hilgardii,12,8,20
Lupinus luteus,98,5,103
Rhodococcus jostii,1,3,4
Corynebacterium ulcerans,2,0,2
Methylophaga alcalica,7,1,8
Naegleria gruberi,0,1,1
Cuscuta pentagona,3,0,3
Streptomyces arenae,1,0,1
Cellulosimicrobium cellulans,7,0,7
Tropaeolum majus,23,12,35
Morella rubra,0,1,1
Vibrio proteolyticus,135,0,135
Anoxybacillus amylolyticus,5,0,5
Hafnia alvei,15,20,35
Chaetoceros socialis,1,0,1
Corallococcus coralloides,12,0,12
Patella vulgata,30,2,32
Psophocarpus tetragonolobus,2,0,2
Vigna mungo,44,14,58
Forsythia ovata,1,0,1
Loxosceles reclusa,1,1,2
Streptomyces thermovulgaris,11,0,11
Clostridium subterminale,3,4,7
Chaetoceros vixvisibilis,1,0,1
Panicum miliaceum,10,1,11
Katsuwonus pelamis,12,0,12
Saccharomyces carlsbergensis,40,2,42
Poeciliopsis lucida,3,2,5
Eledone cirrhosa,6,0,6
Thermochromatium tepidum,1,0,1
Chenopodium quinoa,2,0,2
Ruegeria lacuscaerulensis,8,0,8
Urophycis chuss,10,2,12
Streptococcus ratti,3,2,5
Taxus baccata,5,1,6
Canis lupus familiaris,516,82,598
Yersinia enterocolitica,17,1,18
Achromobacter denitrificans,17,0,17
Staphylococcus pseudintermedius,4,1,5
Lepidium sativum,30,1,31
Periplaneta brunnea,2,0,2
Camelina sativa,1,1,2
Dickeya dadantii,2,2,4
Pyrus communis,33,22,55
Chlorella vulgaris,26,21,47
Senna obtusifolia,2,0,2
Staphylococcus saprophyticus,8,1,9
Methanothermus fervidus,2,0,2
Aix sponsa,4,0,4
Seriola quinqueradiata,8,0,8
Burkholderia xenovorans,19,2,21
