,Inhibition,Activation,Total
Hevea brasiliensis,79,20,99
Phoenix dactylifera,7,0,7
Branchiostoma floridae,5,1,6
Arthrobacter globiformis,82,8,90
Haemophilus haemolyticus,8,0,8
Xanthomonas campestris,43,6,49
Dissostichus mawsoni,3,0,3
Rhodothermus marinus,16,2,18
Avicennia marina,3,1,4
Echis carinatus,3,0,3
Thermoactinomyces vulgaris,33,15,48
Ficus lyrata,0,1,1
Modiolus demissus,8,0,8
Hyalophora cecropia,6,1,7
Methylobacterium nodulans,1,0,1
Paenibacillus alginolyticus,5,0,5
Mycobacterium kansasii,53,0,53
Bacillus pseudalcaliphilus,5,0,5
Echinochloa phyllopogon,0,1,1
Poecilia reticulata,2,0,2
Streptomyces longisporoflavus,6,2,8
Lepus townsendii,1,0,1
Litopenaeus vannamei,14,5,19
Acanthoscelides obtectus,6,0,6
Mya arenaria,0,2,2
Amaranthus retroflexus,68,1,69
Camelus dromedarius,55,7,62
Elephantopus scaber,1,0,1
Roseobacter denitrificans,3,1,4
Cervidae,1,0,1
Populus tremula,1,0,1
Lupinus angustifolius,48,2,50
Bordetella pertussis,79,3,82
Cavia porcellus,890,143,1033
Halothiobacillus neapolitanus,7,5,12
Erinnyis ello,3,0,3
Sphingobium chungbukense,1,0,1
Mustelus canis,3,0,3
Geobacillus thermoleovorans,72,8,80
Sansevieria trifasciata,3,0,3
Calliphora vicina,8,1,9
Lactobacillus collinoides,5,0,5
Lachesis muta muta,9,0,9
Flavobacteriia,8,0,8
Cryptococcus albidus,11,0,11
Gordonia bronchialis,1,0,1
Halomonas eurihalina,2,0,2
Rhizobium etli,22,6,28
Cobetia marina,10,0,10
Hyphomicrobium zavarzinii,1,2,3
Bromus japonicus,0,2,2
Meganyctiphanes norvegica,1,1,2
Leptonychotes weddellii,30,0,30
Sulfobacillus acidophilus,0,1,1
Mycobacterium bovis,35,1,36
Bromus rubens,0,2,2
Bordetella avium,8,0,8
Eubacterium barkeri,38,6,44
Cuphea wrightii,3,0,3
Didelphis albiventris,4,2,6
Zygnema cylindricum,1,0,1
Schistosoma mansoni,208,5,213
Hominoidea,12,0,12
Vigna radiata,194,29,223
Mycoplasma pneumoniae,14,1,15
Xanthomonas oryzae,8,0,8
Evernia prunastri,16,4,20
Rhizobium lupini,1,0,1
Vanilla planifolia,15,1,16
Zalophus californianus,1,0,1
Exiguobacterium aurantiacum,1,0,1
Mullus barbatus,4,0,4
Prevotella ruminicola,2,1,3
Odoribacter splanchnicus,3,0,3
Amycolatopsis methanolica,41,5,46
Cricetus cricetus,2,0,2
Arthrobacter aurescens,55,0,55
Neisseria sicca,8,0,8
Enterobacter aerogenes,244,49,293
Cenchrus americanus,11,2,13
Vibrio harveyi,89,11,100
Eisenia fetida,24,0,24
Achlya ambisexualis,0,2,2
Astragalus hamosus,5,0,5
Psychrobacter urativorans,6,0,6
Nuphar lutea,2,0,2
Capra hircus,217,21,238
Oryzias latipes,13,1,14
Arthrobacter nitroguajacolicus,5,0,5
Streptomyces phaeochromogenes,20,6,26
Fasciola gigantica,14,2,16
Proteus penneri,2,0,2
Cancer pagurus,4,0,4
Lactobacillus otakiensis,1,0,1
Burkholderia pyrrocinia,3,0,3
dolphin,5,0,5
Chlorella sorokiniana,4,1,5
Saccharopolyspora rectivirgula,10,0,10
Haloferax volcanii,63,11,74
Achatina fulica,6,0,6
Lingulodinium polyedrum,17,0,17
Hirudo medicinalis,2,0,2
Eubacterium acidaminophilum,7,3,10
Cryptosporidium parvum,82,6,88
Actinosynnema pretiosum,5,0,5
Brevibacterium linens,10,0,10
Mentha spicata,8,0,8
Clostridium septicum,1,0,1
Anoxybacillus kestanbolensis,3,0,3
Candida humicola,5,1,6
Comamonas terrigena,1,0,1
Strongylocentrotus franciscanus,3,0,3
Serratia plymuthica,7,0,7
Photobacterium damselae,9,2,11
Ambystoma tigrinum,1,0,1
Liza saliens,6,0,6
Burkholderia mallei,6,1,7
Salaria basilisca,4,0,4
Vigna umbellata,17,1,18
Panax quinquefolius,0,1,1
Clostridium sticklandii,168,22,190
Quercus ilex,0,1,1
Erythroxylum coca,9,0,9
Thermomonospora curvata,1,0,1
Rhodococcus jostii,1,3,4
Pagrus major,25,1,26
Rhodococcus rhodochrous,67,7,74
Portulaca grandiflora,11,0,11
Bromus madritensis,0,2,2
Pseudomonas reinekei,2,0,2
Galeocerdo cuvier,1,0,1
Virgibacillus pantothenticus,0,1,1
Pinus densiflora,31,4,35
Ranunculaceae,1,0,1
Cannabis sativa,9,0,9
Acinetobacter lwoffii,19,4,23
Chaetomiaceae,5,0,5
Bacteroides uniformis,3,0,3
Eclipta prostrata,33,0,33
Diaprepes abbreviatus,6,0,6
Testudo graeca nabeulensis,5,0,5
Aeromonas media,6,2,8
Azotobacter vinelandii,221,40,261
Metallosphaera sedula,11,2,13
Lactobacillus crispatus,1,2,3
Vibrio anguillarum,6,0,6
Clostridium tetani,7,1,8
Gryllus assimilis,3,0,3
Lactobacillus manihotivorans,5,0,5
Streptomyces clavuligerus,92,17,109
Erimacrus isenbeckii,3,5,8
Janthinobacterium lividum,22,9,31
Methylobacterium rhodesianum,5,0,5
Ustilago maydis,45,4,49
Tecoma stans,64,2,66
Pediococcus inopinatus,5,1,6
Erythrina crista-galli,1,0,1
Solanum chacoense,5,0,5
Pasteurella multocida,7,2,9
Bifidobacterium bifidum,59,18,77
Cucumis sativus,167,42,209
Cerebratulus lacteus,1,0,1
Methanothermus sociabilis,0,2,2
Armoracia rusticana,16,3,19
Acetivibrio cellulolyticus,3,0,3
Echinochloa crus-galli,70,2,72
Pseudomonas knackmussii,7,1,8
Acinetobacter baumannii,25,2,27
Pinus radiata,6,2,8
Ipomoea nil,10,6,16
Enteroctopus dofleini,9,2,11
Geobacillus thermodenitrificans,50,8,58
Phragmites australis,2,3,5
Abies grandis,45,4,49
Thunnus tonggol,3,0,3
Polygonatum multiflorum,0,1,1
Mycobacterium avium,176,1,177
Mycoplasma mycoides,7,2,9
Mycoplasma penetrans,4,0,4
Bergeriella denitrificans,1,0,1
Pecten maximus,29,2,31
Lactobacillus delbrueckii,44,4,48
Cerastes cerastes,3,0,3
Nocardia farcinica,9,0,9
Hordeum vulgare,375,101,476
Tetragenococcus halophilus,2,1,3
Desulfarculus baarsii,3,0,3
Lactobacillus sanfranciscensis,9,1,10
Novispirillum itersonii,5,0,5
Solanum dulcamara,5,0,5
Macrobdella decora,1,0,1
Prunus domestica,12,2,14
Shigella flexneri,24,4,28
Mus musculus,6494,1376,7870
Weissella cibaria,8,0,8
Nocardia globerula,6,2,8
Podiceps nigricollis,9,2,11
Struthio camelus,60,3,63
Acidiphilium acidophilum,17,3,20
Prevotella loescheii,1,0,1
Alternaria tenuissima,11,0,11
Rhodopseudomonas palustris,90,28,118
Propionigenium modestum,6,1,7
Hedera helix,0,1,1
Methanothermococcus thermolithotrophicus,2,1,3
Patella vulgata,30,2,32
Urtica dioica,22,0,22
Calanus finmarchicus,4,1,5
Heliotropium indicum,1,0,1
Mustela putorius furo,0,1,1
Methanospirillum hungatei,17,3,20
Simmondsia chinensis,8,3,11
Macruronus novaezelandiae,9,1,10
Flaveria trinervia,5,3,8
Bacillus lehensis,12,1,13
Burkholderia cenocepacia,8,5,13
Oncorhynchus mykiss,120,32,152
Bothrops marajoensis,2,2,4
Pyrococcus woesei,23,4,27
Brassica oleracea,94,17,111
Ulva pertusa,1,0,1
Daucus carota,151,43,194
Lactobacillus reuteri,39,4,43
Enterobacter cloacae,229,25,254
Pelomonas saccharophila,33,2,35
Cyanea nozakii,5,3,8
Turbatrix aceti,12,2,14
Sphingopyxis macrogoltabida,8,1,9
Salvelinus fontinalis,2,0,2
Gossypium hirsutum,87,17,104
Methanosarcina barkeri,53,21,74
Calotropis procera,6,0,6
Thermosyntropha lipolytica,3,0,3
Sotalia fluviatilis,4,14,18
Pseudomonas luteola,7,0,7
Nepeta racemosa,6,0,6
Palinurus elephas,2,0,2
Parkinsonia aculeata,5,0,5
Zoysia japonica,1,0,1
Nautilus pompilius,3,0,3
Phlebodium aureum,2,0,2
Lumbriculus variegatus,9,0,9
Aedes aegypti,23,6,29
Aminobacter aminovorans,32,3,35
Cellulomonas flavigena,1,0,1
Agkistrodon contortrix,6,0,6
Sitophilus zeamais,10,0,10
Shigella boydii,11,2,13
Naegleria gruberi,0,1,1
Bemisia tabaci,2,0,2
Xenorhabdus kozodoii,3,0,3
Fenneropenaeus penicillatus,1,0,1
Gillichthys mirabilis,0,1,1
Balistes capriscus,3,0,3
Lactobacillus dextrinicus,0,1,1
Dactylosporangium thailandense,0,1,1
Allochromatium vinosum,41,18,59
Persephonella hydrogeniphila,1,0,1
Paenibacillus thiaminolyticus,11,11,22
Antheraea polyphemus,2,0,2
Marinomonas mediterranea,9,0,9
Crocus sativus,17,3,20
Parophrys vetulus,5,0,5
Periplaneta americana,36,5,41
Clostridium cellulolyticum,1,0,1
Autographa californica,2,0,2
Reticulitermes flavipes,7,0,7
Micrococcus lylae,13,0,13
Asplenium nidus,7,0,7
Hyphantria cunea,3,0,3
Plectranthus barbatus,2,0,2
Cichorium intybus,32,8,40
Fucus distichus,1,0,1
Picea abies,8,2,10
Novosphingobium capsulatum,18,0,18
Pelvetia canaliculata,1,0,1
Streptomyces parvus,6,0,6
Valvata piscinalis,2,0,2
Opsanus beta,0,1,1
Raoultella terrigena,8,0,8
Staphylococcus simulans,7,5,12
Callithrix jacchus,5,1,6
Ensifer adhaerens,10,1,11
Anthonomus grandis,1,0,1
Euphorbia tirucalli,3,2,5
Solanum lycopersicum,319,82,401
Senecio vulgaris,10,0,10
Pseudoalteromonas atlantica,2,0,2
Thermoanaerobacterium thermosulfurigenes,19,0,19
Bacteroides ovatus,17,6,23
Arthrobacter oxydans,25,0,25
Homarus americanus,12,1,13
Weissella viridescens,12,1,13
Bacillus anthracis,342,23,365
insecta,2,0,2
Thalassiosira pseudonana,8,5,13
Aphanocapsa,3,0,3
Ocimum basilicum,4,0,4
Camelus bactrianus,14,6,20
Rhinella arenarum,8,1,9
Allium ampeloprasum,10,0,10
Elizabethkingia meningoseptica,99,4,103
Thermotoga lettingae,2,0,2
Starkeya novella,45,15,60
Streptomyces thermovulgaris,11,0,11
Asteroidea,9,3,12
Caldanaerobacter subterraneus,1,0,1
Glycine max,929,88,1017
Vicia faba,86,9,95
Liza aurata,3,0,3
Crotalus adamanteus,106,7,113
Methanothermobacter wolfeii,1,0,1
Cellvibrio japonicus,4,0,4
Chaetoceros vixvisibilis,1,0,1
Chromobacterium violaceum,56,3,59
Vibrio proteolyticus,135,0,135
Acinetobacter calcoaceticus,207,13,220
Glebionis segetum,8,1,9
Salmonella enterica,90,11,101
Amphidinium carterae,2,0,2
Lumbricus castaneus,3,0,3
Streptomyces megasporus,13,0,13
Lactobacillus jensenii,5,0,5
Rhodobacter sphaeroides,279,49,328
Ficus carica,14,3,17
Papaver somniferum,47,8,55
Candida macedoniensis,10,0,10
Curcuma longa,4,0,4
Lolium perenne,4,0,4
Haliotis tuberculata,0,3,3
Scomber australasicus,8,5,13
Macaca radiata,58,10,68
Xenopus laevis,211,68,279
Digitalis lanata,15,3,18
Lindernia dubia,1,1,2
Clibanarius vittatus,2,1,3
Caudina arenicola,1,0,1
Candida boidinii,120,3,123
Mycoplasma capricolum,1,0,1
Spodoptera frugiperda,85,5,90
Desulfococcus multivorans,1,0,1
Macrobrachium lamarrei,0,1,1
Chloroflexus aurantiacus,19,2,21
Neisseria meningitidis,196,14,210
Sparus aurata,19,6,25
Desulfotomaculum nigrificans,10,0,10
Euphausia superba,8,1,9
Alternaria alternata,15,1,16
Parvimonas micra,1,0,1
Pediococcus acidilactici,7,1,8
Mamestra configurata,1,0,1
Scombridae,3,0,3
Ciona intestinalis,0,1,1
Methanocaldococcus jannaschii,239,37,276
Lactobacillus acidophilus,78,17,95
Gardenia jasminoides,7,0,7
Enterobius vermicularis,3,0,3
Mycobacterium tuberculosis,2153,86,2239
Streptococcus suis,12,3,15
Corallococcus coralloides,12,0,12
Geobacillus toebii,3,0,3
Acidithiobacillus caldus,0,1,1
Sebastes inermis,6,0,6
Scomberomorus sierra,2,0,2
Ursus thibetanus,3,0,3
Kalanchoe blossfeldiana,1,0,1
Clusia minor,5,0,5
Cryptococcus neoformans,205,26,231
Eucommia ulmoides,0,1,1
Solenocera melantho,3,0,3
Pteridium aquilinum,3,4,7
Brevibacillus brevis,69,7,76
Yersinia mollaretii,4,0,4
Physarum polycephalum,81,8,89
Caulobacter vibrioides,38,4,42
Caryophanon latum,1,0,1
Carassius auratus,30,11,41
Pseudorasbora parva,3,0,3
Streptomyces coeruleorubidus,0,1,1
Arthrobacter histidinolovorans,3,0,3
Petrotoga mobilis,7,0,7
Thermoplasma volcanium,3,1,4
Prunus salicina,1,8,9
Fluoribacter gormanii,8,0,8
Chlorobaculum thiosulfatiphilum,15,16,31
Meiothermus taiwanensis,4,0,4
Methanobrevibacter ruminantium,1,0,1
Streptomyces achromogenes,1,0,1
Trailliella intricata,0,1,1
Lactobacillus salivarius,0,1,1
Botryococcus braunii,9,2,11
Coleataenia prionitis,1,0,1
Priacanthus macracanthus,2,0,2
Bromus hordeaceus,0,2,2
Cimex lectularius,2,0,2
Methylobacterium extorquens,32,12,44
Chondrus crispus,6,3,9
Ictalurus punctatus,2,0,2
Enterococcus faecium,157,7,164
Lemna gibba,1,0,1
Cucurbita pepo,75,9,84
Nilssonia gangetica,1,0,1
Candida tenuis,22,10,32
Lactobacillus plantarum,132,66,198
Leuconostoc mesenteroides,131,11,142
Staphylococcus xylosus,2,2,4
Helicoverpa zea,17,1,18
Citrobacter amalonaticus,22,0,22
Sulfobacillus thermosulfidooxidans,0,1,1
Saccharophagus degradans,17,0,17
Kalanchoe pinnata,2,0,2
Streptococcus sanguinis,15,3,18
Chlamydia suis,1,0,1
Ralstonia pickettii,1,1,2
Hypophthalmichthys molitrix,16,4,20
Acetobacter pasteurianus,22,3,25
Armadillo officinalis,2,0,2
Yersinia bercovieri,6,0,6
Thermotoga neapolitana,37,7,44
Phascolarctos cinereus,1,0,1
Prunus persica,38,6,44
Aliivibrio fischeri,32,2,34
Haloarcula argentinensis,6,0,6
Hydrogenobacter thermophilus,7,4,11
Methanoculleus thermophilus,3,0,3
Flaveria chlorifolia,6,0,6
Streptomyces galbus,7,0,7
Dryopteris erythrosora,0,1,1
Quercus robur,2,1,3
Macaca fuscata fuscata,13,0,13
Weissella confusa,12,1,13
Enterococcus hirae,25,0,25
Lysinibacillus fusiformis,7,1,8
Staphylococcus chromogenes,5,0,5
Asplenium ceterach,1,0,1
Solanum melongena,32,3,35
Pumpkin,1,0,1
Lutjanus vitta,3,0,3
Lethocerus griseus,0,1,1
Sinningia cardinalis,10,0,10
Paenibacillus campinasensis,23,3,26
Cupriavidus oxalaticus,12,1,13
Clostridium aminovalericum,11,1,12
Peromyscus maniculatus,4,1,5
Streptomyces seoulensis,1,0,1
Bacillus niacini,6,0,6
Macrovipera lebetina transmediterranea,1,0,1
Meleagris gallopavo,72,25,97
Berberidaceae,1,0,1
Candida intermedia,4,0,4
Candida sake,4,0,4
Pedobacter heparinus,92,2,94
Cryptococcus laurentii,47,5,52
Dunaliella salina,23,1,24
Desulfobulbus elongatus,1,0,1
Weissella paramesenteroides,5,0,5
Porphyromonas gingivalis,216,36,252
Bordetella parapertussis,4,0,4
Gallus gallus,1490,282,1772
Zingiber officinale,23,5,28
Anopheles gambiae,37,4,41
Streptomyces gulbargensis,8,0,8
Lateolabrax japonicus,18,1,19
Lachnospira multipara,5,0,5
Astragalus bisulcatus,6,0,6
Streptomyces spectabilis,1,0,1
Bitis arietans,4,0,4
Devosia riboflavina,16,1,17
Hydrilla verticillata,5,2,7
Pyrus communis,33,22,55
Oxalobacter formigenes,10,1,11
Bellis perennis,9,0,9
Blaberus craniifer,2,0,2
Catharanthus roseus,136,17,153
Scorpaena scrofa,4,0,4
Lysinibacillus sphaericus,188,16,204
Lepidium sativum,30,1,31
Nitrosomonas europaea,71,14,85
Alkalimonas amylolytica,11,0,11
Myroides profundi,9,0,9
Alopecurus myosuroides,13,0,13
Pseudomonas pseudoalcaligenes,64,4,68
Dechloromonas agitata,3,0,3
Chlorocebus sabaeus,2,1,3
Callorhinus ursinus,1,0,1
Lathyrus latifolius,2,0,2
Plantago lanceolata,1,2,3
Clostridium paradoxum,3,0,3
Asclepias syriaca,3,0,3
Bacteriovorax stolpii,1,0,1
Vicia sativa,5,1,6
Actinoplanes missouriensis,5,0,5
Flavobacterium aquatile,2,0,2
Haemophilus parahaemolyticus,5,0,5
Agave americana,10,0,10
Pseudomonas mendocina,35,1,36
Francisella tularensis,30,0,30
Batis maritima,1,1,2
Laticauda semifasciata,0,1,1
Procambarus clarkii,14,1,15
Samia cynthia,2,0,2
Lyngbya aestuarii,2,0,2
Poeciliopsis lucida,3,2,5
Erythrobacter longus,1,0,1
Vitis amurensis,0,1,1
Xanthoria parietina,2,0,2
Alternanthera sessilis,1,2,3
Methylophaga thalassica,8,0,8
Monilinia fructicola,2,1,3
Ureaplasma parvum,12,1,13
Carassius carassius,0,2,2
Psophocarpus tetragonolobus,2,0,2
Eledone moschata,4,0,4
Sphingobacterium multivorum,9,1,10
Chlamydia trachomatis,13,7,20
Rhizobium phaseoli,4,0,4
Propionibacterium acidipropionici,4,0,4
Lablab purpureus,20,2,22
Deinagkistrodon acutus,18,0,18
Sinomonas atrocyanea,7,11,18
Bromus erectus,0,2,2
Finegoldia magna,2,0,2
Triticum monococcum,6,1,7
Anacystis marina,10,0,10
Peltigera rufescens,1,1,2
Clostridium chauvoei,9,1,10
Lactobacillus paracasei,12,0,12
Chrysosplenium americanum,20,2,22
Alternanthera ficoidea,1,2,3
Ectocarpus siliculosus,4,0,4
Halanaerobium praevalens,1,0,1
Deschampsia antarctica,0,2,2
Macrococcus caseolyticus,10,1,11
Alopecurus aequalis,1,0,1
Tillandsia fasciculata,5,0,5
Prunus cerasus,12,2,14
Patiria pectinifera,43,10,53
Geobacter metallireducens,5,0,5
Methanobacterium palustre,4,0,4
Thermoanaerobacter mathranii,2,0,2
toad,15,0,15
Bungarus fasciatus,12,0,12
Rhinella marina,10,2,12
Symbiobacterium thermophilum,9,0,9
Aeromonas jandaei,16,0,16
Squalus acanthias,28,22,50
Corynebacterium callunae,25,1,26
Bombus atratus,2,2,4
Bacillus altitudinis,4,0,4
Rhodococcus globerulus,21,15,36
Lachesis muta,1,0,1
Channa argus,6,0,6
Gracilibacillus dipsosauri,7,0,7
Clostridium sporogenes,17,2,19
Candida rugosa,21,4,25
Fucus gardneri,2,3,5
Pseudomonas putida,1144,105,1249
Hanseniaspora uvarum,2,1,3
Pomacea canaliculata,2,0,2
Mycoplasma gallinarum,1,0,1
Bauhinia monandra,15,0,15
Bruguiera gymnorhiza,1,0,1
Vitis vinifera,37,5,42
Cucurbita maxima,46,8,54
Xiphophorus couchianus,1,0,1
Phenylobacterium immobile,2,1,3
Sorghum bicolor,83,21,104
Yersinia pestis,88,3,91
Lactobacillus gasseri,10,6,16
Methanopyrus kandleri,10,10,20
Cairina moschata,5,0,5
Castellaniella defragrans,16,5,21
Corynebacterium glutamicum,246,60,306
Alnus glutinosa,1,0,1
Tetrahymena,3,0,3
Xanthomonas axonopodis,8,0,8
Eleusine indica,8,0,8
Lupinus albus,84,7,91
Pelodiscus sinensis,1,0,1
Trematomus newnesi,1,3,4
Uca pugilator,7,0,7
Roseovarius nubinhibens,1,0,1
Lupinus polyphyllus,17,2,19
Bos grunniens,9,0,9
Lamellidens marginalis,7,2,9
Azohydromonas lata,2,0,2
Crocodylus porosus,1,2,3
Cycas revoluta,1,0,1
Syringa vulgaris,3,0,3
Felis silvestris,1,0,1
Carboxydothermus hydrogenoformans,4,2,6
Antirrhinum majus,17,1,18
Enterococcus gallinarum,5,0,5
Pseudomonas alcaligenes,37,7,44
Streptomyces murinus,5,0,5
Brevundimonas vesicularis,13,2,15
Bacillus firmus,7,1,8
Mus booduga,2,0,2
Nesterenkonia halobia,2,0,2
Clostridium stercorarium,32,1,33
Actinoplanes campanulatus,0,1,1
Chroomonas salina,8,0,8
Stichococcus bacillaris,1,0,1
Pyrococcus horikoshii,84,13,97
Oncorhynchus gorbuscha,6,0,6
Anthoceros agrestis,1,0,1
Cyanidium caldarium,2,2,4
Caldicellulosiruptor bescii,4,0,4
Aeromonas caviae,13,16,29
Micrococcus luteus,148,49,197
Dimocarpus longan,0,2,2
Acidovorax facilis,1,1,2
Pseudoalteromonas mariniglutinosa,4,0,4
Mustelus mustelus,6,0,6
Semotilus atromaculatus,0,1,1
Microbulbifer elongatus,8,0,8
Parthenium hysterophorus,0,1,1
Saccharomyces carlsbergensis,40,2,42
Pinus taeda,8,3,11
Taxus canadensis,3,1,4
Dumontia incrassata,0,1,1
Rhodovulum sulfidophilum,5,0,5
Aphrodita aculeata,10,0,10
Streptomyces tendae,4,6,10
Stomoxys calcitrans,12,2,14
Streptomyces peucetius,4,0,4
Acropora digitifera,1,2,3
Asparagus officinalis,24,4,28
Phyllostachys edulis,14,4,18
Methylomicrobium alcaliphilum,5,2,7
Ascaridia galli,1,0,1
Corynebacterium diphtheriae,14,0,14
Clostridium scatologenes,1,0,1
Streptomyces venezuelae,15,6,21
Fragaria x ananassa,24,12,36
Rhamdia quelen,3,0,3
Streptomyces violascens,23,0,23
Shewanella putrefaciens,7,0,7
Loxosceles reclusa,1,1,2
Sciaena umbra,0,2,2
Anolis carolinensis,0,2,2
Cytisus scoparius,13,2,15
Isoptera,4,0,4
Deinococcus geothermalis,8,2,10
Coriandrum sativum,1,0,1
Veillonella atypica,4,1,5
Bambusa oldhamii,10,2,12
Hypophthalmichthys nobilis,1,1,2
Corynebacterium pseudodiphtheriticum,8,0,8
Dasypyrum villosum,4,0,4
Leptocylindrus minimus,1,0,1
Rhizobium leguminosarum,28,0,28
Acanthamoeba polyphaga,6,3,9
Torulopsis candida,3,0,3
Cuscuta japonica,0,1,1
Spodoptera eridania,5,2,7
Mycoplasma hominis,6,1,7
Saccharomyces fragilis,27,2,29
Commelina communis,2,1,3
Ginkgo biloba,7,7,14
Clostridium tyrobutyricum,9,1,10
Capnocytophaga granulosa,3,0,3
Acanthamoeba culbertsoni,21,4,25
Cymbopogon flexuosus,3,0,3
Aporrectodea rosea,3,0,3
Staphylococcus aureus,1621,61,1682
Limonium perezii,5,1,6
Drosophila virilis,2,7,9
Photinus pyralis,184,21,205
Cicer arietinum,99,14,113
Leuconostoc lactis,20,1,21
Bacteroides stercoris,20,3,23
Planobispora longispora,0,1,1
Pseudoalteromonas luteoviolacea,1,0,1
Thermoanaerobacter brockii,9,1,10
Lepas anatifera,1,0,1
Callinectes ornatus,3,1,4
Rachycentron canadum,4,0,4
Berryteuthis magister,24,0,24
Cryptosporidium muris,1,0,1
Micrococcus flavus,1,1,2
Euphorbia lathyris,1,0,1
Panicum virgatum,2,0,2
Panulirus argus,2,0,2
Fenneropenaeus chinensis,3,0,3
Chamelea gallina,11,2,13
Oxyuranus scutellatus,11,3,14
Paeonia suffruticosa,0,1,1
Canis lupus familiaris,514,82,596
Shewanella livingstonensis,2,0,2
Nitrobacter winogradskyi,34,3,37
Caldivirga maquilingensis,2,0,2
Hyoscyamus muticus,0,4,4
Paracentrotus lividus,6,0,6
Bradyrhizobium elkanii,1,0,1
Amaranthus spinosus,13,6,19
Streptomyces endus,4,0,4
Orobanche ramosa,2,1,3
Thiohalophilus thiocyanatoxydans,12,0,12
Alicyclobacillus acidocaldarius,119,2,121
Dickeya chrysanthemi,42,1,43
Musca domestica,37,8,45
Anthocidaris crassispina,25,2,27
Persephonella marina,3,0,3
Photobacterium leiognathi,9,0,9
Aloe vera,7,2,9
Branchiostoma lanceolatum,0,2,2
Pleuronectes platessa,0,1,1
Coffea arabica,18,2,20
Myroides odoratus,0,2,2
Mycoplasma hyopneumoniae,7,0,7
Bacillus fastidiosus,35,0,35
Clostridium perfringens,167,25,192
Lactobacillus casei,160,7,167
Acanthaster planci,1,0,1
Alkalimonas collagenimarina,2,0,2
Pyrodictium abyssi,8,1,9
Methylophaga alcalica,7,1,8
Methylophilus methylotrophus,14,1,15
Moraxella cuniculi,5,0,5
Streptococcus criceti,0,1,1
Brevibacillus agri,1,0,1
Metridium senile,7,0,7
Populus nigra,13,3,16
Acidianus brierleyi,24,4,28
Crocodylus acutus,1,0,1
Tetrahymena pyriformis,106,21,127
Syntrophus gentianae,1,0,1
Rana temporaria,9,7,16
Amycolatopsis orientalis,11,0,11
Gordonia alkanivorans,1,0,1
Listeria innocua,2,0,2
Macrovipera lebetina,2,1,3
Thermoanaerobacter acetoethylicus,4,0,4
Bacillus subtilis,1192,167,1359
Providencia rettgeri,9,0,9
Pseudechis papuanus,1,0,1
Bactrocera dorsalis,7,0,7
Clarias batrachus,16,5,21
Saccharum officinarum,23,4,27
Halothermothrix orenii,1,0,1
Populus tremuloides,11,1,12
Spinacia oleracea,706,180,886
Methylomicrobium album,1,0,1
Rattus norvegicus,15861,2621,18482
Mesotaenium caldariorum,1,0,1
Zoogloea ramigera,14,0,14
Cocos nucifera,11,2,13
Streptococcus oligofermentans,0,1,1
Aporrectodea caliginosa,3,0,3
Rhodococcus equi,43,6,49
Lactobacillus diolivorans,4,0,4
Silene vulgaris,0,1,1
Pinus pinea,6,1,7
Geobacillus kaustophilus,7,1,8
Methanosarcina acetivorans,11,5,16
Solanum x edinense,1,0,1
Moraxella bovis,5,0,5
Ruminococcus torques,2,0,2
Burkholderia multivorans,4,0,4
Branchiostoma belcheri,3,0,3
Passiflora edulis,0,1,1
Photorhabdus luminescens,0,2,2
Platycladus orientalis,3,0,3
Cupriavidus necator,224,24,248
Sporosarcina psychrophila,1,3,4
Desulfotalea psychrophila,0,1,1
Vibrio parahaemolyticus,41,2,43
Clupea pallasii,1,0,1
Pseudonocardia autotrophica,0,3,3
Streptomyces hygroscopicus,25,5,30
Bifidobacterium pseudolongum,12,0,12
Parthenium argentatum,6,2,8
Ignicoccus hospitalis,3,2,5
Euryale ferox,0,1,1
Streptomyces sanglieri,6,3,9
Morus alba,1,0,1
Torpedo californica,60,0,60
Yersinia kristensenii,6,0,6
Achlya bisexualis,2,0,2
Origanum majorana,9,1,10
Lemna trisulca,3,0,3
Kitasatospora griseola,2,2,4
Sphingomonas paucimobilis,39,18,57
Desulfomicrobium baculatum,1,0,1
Corynebacterium pseudotuberculosis,2,0,2
Lactobacillus johnsonii,1,0,1
Glandularia x hybrida,3,0,3
Herbaspirillum seropedicae,1,4,5
Pseudomonas citronellolis,3,0,3
Nephtys caeca,6,0,6
Crataegus laevigata,2,0,2
Raphanus sativus,106,11,117
Rhodococcus rhodnii,0,1,1
Avena fatua,1,0,1
Sterculia foetida,1,1,2
Mucuna pruriens,3,2,5
Selaginella kraussiana,1,1,2
Euglena gracilis,301,68,369
Skeletonema costatum,6,0,6
Sarda sarda,8,0,8
Neosartorya fischeri,28,3,31
Cancer irroratus,0,1,1
Thermobifida fusca,68,6,74
Thauera butanivorans,4,5,9
Sardinops sagax,4,0,4
Sardinella aurita,11,0,11
Glandirana rugosa,1,0,1
Taraxacum officinale,9,0,9
Moraxella nonliquefaciens,5,0,5
Takifugu rubripes,4,2,6
Penaeus monodon,25,8,33
Chlorogloeopsis fritschii,8,3,11
Anchusa officinalis,4,0,4
Ankistrodesmus braunii,3,0,3
Crassostrea gigas,12,2,14
Streptococcus pyogenes,167,6,173
Macrobrachium rosenbergii,4,0,4
Sepia officinalis,32,1,33
Medicago truncatula,15,2,17
Rhopalosiphum padi,5,0,5
Mesorhizobium ciceri,7,1,8
Dendrobaena veneta,4,0,4
Amaranthus hypochondriacus,10,3,13
Ochrosia elliptica,1,0,1
Angiostrongylus cantonensis,8,1,9
Methanococcus voltae,10,4,14
Moritella viscosa,2,0,2
Foeniculum vulgare,6,0,6
Bryopsis corticulans,2,0,2
Thermobacillus xylanilyticus,4,1,5
Sporothrix schenckii,14,0,14
Clostridium propionicum,13,1,14
Proteus vulgaris,66,9,75
Pectobacterium atrosepticum,1,0,1
Helicobacter acinonychis,3,0,3
Ceramium rubrum,0,1,1
Halorubrum xinjiangense,7,13,20
Streptomyces massasporeus,1,0,1
Macrobrachium olfersii,11,0,11
Megascolides cameroni,4,0,4
Renilla reniformis,39,2,41
Apostichopus japonicus,22,2,24
Triticum turgidum,4,0,4
Elymus repens,4,0,4
Diploptera punctata,6,0,6
Erythrina variegata,6,1,7
Salix discolor,4,1,5
Marinobacter hydrocarbonoclasticus,1,0,1
Pleuronichthys verticalis,5,0,5
Centella asiatica,2,0,2
Hafnia alvei,15,20,35
Serratula tinctoria,1,0,1
Vigna mungo,44,14,58
Kocuria varians,8,0,8
Erythrobacter litoralis,0,1,1
Trifolium pratense,0,8,8
Vibrio rumoiensis,3,0,3
Halopiger aswanensis,1,0,1
Cucumis melo,33,3,36
Trimeresurus gramineus,1,0,1
Rumex dentatus,1,0,1
Lampetra fluviatilis,3,0,3
Vibrio cholerae,201,15,216
Hemiselmis virescens,8,0,8
Ricinus communis,225,40,265
Moritella abyssi,2,0,2
Salinibacter ruber,2,8,10
Bacillus tequilensis,10,4,14
Methylibium petroleiphilum,0,1,1
Tabernaemontana divaricata,3,1,4
Chlorocebus aethiops,127,14,141
Marinococcus halophilus,0,1,1
Streptomyces griseorubiginosus,25,0,25
Sulfolobus acidocaldarius,148,32,180
Scyllarides latus,3,2,5
Burkholderia glumae,2,2,4
Secale cereale,72,15,87
Chlorogonium elongatum,7,0,7
Blastochloris viridis,3,1,4
Methylococcus capsulatus,64,12,76
Corynebacterium jeikeium,5,0,5
Didelphis virginiana,0,1,1
Castilleja indivisa,3,0,3
Actinidia chinensis,17,1,18
Crotalus atrox,60,2,62
Laceyella putida,4,5,9
Ruegeria pomeroyi,19,0,19
Fagopyrum esculentum,22,1,23
Dunaliella tertiolecta,5,1,6
Bacillus azotoformans,2,1,3
Streptomyces olivochromogenes,7,7,14
Pectobacterium wasabiae,17,1,18
Nicotiana attenuata,5,1,6
Oceanimonas doudoroffii,17,3,20
Pseudoalteromonas tunicata,9,0,9
Amaranthus tuberculatus,3,0,3
Xanthosoma sagittifolium,4,2,6
Theobroma cacao,4,0,4
Trachemys scripta,10,3,13
Macrobrachium borellii,2,1,3
Eleginus gracilis,3,0,3
Suaeda maritima,1,0,1
Lethenteron camtschaticum,1,4,5
Solanum pimpinellifolium,0,1,1
Lactobacillus paraplantarum,6,0,6
Watasenia scintillans,1,0,1
Mycobacterium leprae,20,4,24
Virgibacillus salexigens,0,1,1
Stigmatella aurantiaca,4,1,5
Bubo scandiacus,1,0,1
Chlorella pyrenoidosa,21,22,43
Oncorhynchus nerka,6,0,6
Celosia crista,3,3,6
Picea sitchensis,2,1,3
Suberites domuncula,2,0,2
Haemophilus ducreyi,9,0,9
Streptococcus cristatus,2,0,2
Ralstonia solanacearum,2,1,3
Vibrio furnissii,9,0,9
Echinochloa colona,1,0,1
Streptomyces griseus,185,9,194
Furcellaria fastigiata,0,1,1
Actinoplanes philippinensis,0,1,1
Clostridium paraputrificum,15,1,16
Solanum tuberosum,430,118,548
Ucides cordatus,1,0,1
Arthrobacter viscosus,11,17,28
Channa striata,2,0,2
Basidiomycota,12,1,13
Leptotrichia buccalis,3,0,3
Citrus jambhiri,5,1,6
Tenebrio molitor,70,4,74
Equus asinus,12,8,20
Vigna aconitifolia,26,3,29
Rhodocyclus purpureus,2,3,5
Mesonia algae,0,2,2
Schistocerca nitens,2,0,2
Aeropyrum camini,1,0,1
Vibrio natriegens,16,0,16
Clostridium oroticum,28,10,38
Saimiri sciureus,8,0,8
Ochromonas malhamensis,4,4,8
Pocillopora damicornis,1,2,3
Rhodomicrobium vannielii,7,17,24
Pseudopterogorgia elisabethae,2,0,2
Microbacterium oxydans,2,0,2
Landoltia punctata,6,1,7
Empedobacter brevis,2,0,2
Electrophorus electricus,495,6,501
Prevotella melaninogenica,1,0,1
Cystoclonium purpureum,0,1,1
Populus x canadensis,11,6,17
Natrialba magadii,4,0,4
Schlegelella thermodepolymerans,15,0,15
Candida albicans,736,67,803
Potamopyrgus antipodarum,4,0,4
Streptomyces tubercidicus,13,0,13
Ailanthus altissima,1,0,1
Macropus eugenii,2,4,6
Shigella dysenteriae,25,19,44
Leptospira interrogans,26,0,26
Variovorax paradoxus,6,0,6
Escherichia coli,8305,1058,9363
Wedelia biflora,21,0,21
Pythium debaryanum,0,1,1
Heimia salicifolia,4,0,4
Teredinibacter turnerae,1,0,1
Opuntia ficus-indica,1,0,1
Papilio machaon,4,1,5
Sea urchin,4,0,4
Nilaparvata lugens,0,2,2
Serratia marcescens,244,55,299
Sphingosinicella xenopeptidilytica,1,1,2
Streptomyces chromofuscus,14,7,21
Afipia felis,0,1,1
Crotalus ruber ruber,7,0,7
Festuca rubra,2,0,2
Streptomyces azureus,4,0,4
Lathyrus odoratus,14,0,14
Pseudoalteromonas haloplanktis,25,2,27
Populus deltoides,0,3,3
Populus trichocarpa,12,2,14
Hypericum perforatum,1,0,1
Paracoccus versutus,4,0,4
Lens culinaris,44,1,45
Momordica charantia,9,0,9
Heliobacterium chlorum,2,0,2
Anastrepha fraterculus,0,2,2
Streptomyces thermocarboxydus,8,3,11
Tanacetum vulgare,2,0,2
Dysdercus peruvianus,3,0,3
Chlorobaculum tepidum,8,0,8
Acyrthosiphon pisum,3,0,3
Naja haje,1,0,1
Hyphomicrobium sulfonivorans,5,1,6
Oryzaephilus surinamensis,2,0,2
Datura inoxia,7,0,7
Shewanella sediminis,0,1,1
Treponema pallidum,5,0,5
Ureibacillus thermosphaericus,10,0,10
Methanocalculus chunghsingensis,0,1,1
Cyperus rotundus,0,1,1
Pyrobaculum islandicum,7,7,14
Mastigocoleus testarum,2,0,2
Trigonella foenum-graecum,11,4,15
Lithospermum erythrorhizon,21,5,26
Hippoglossus stenolepis,1,0,1
Sulfolobus tokodaii,124,17,141
Mesocricetus auratus,304,52,356
Haemophilus parainfluenzae,2,0,2
Oscillatoria limnetica,5,0,5
Polysiphonia nigrescens,0,1,1
Salmo salar,31,9,40
Callosobruchus maculatus,9,1,10
Ovis aries,665,102,767
Quercus rubra,2,0,2
Desulfurococcus kamchatkensis,3,0,3
Clostridium sporosphaeroides,0,1,1
Micromonospora echinospora,2,0,2
Lactobacillus rhamnosus,4,1,5
Streptomyces globisporus,11,0,11
Hydrogenophaga palleronii,2,0,2
Glycyrrhiza echinata,5,4,9
Pueraria montana var. lobata,17,0,17
Brevicoryne brassicae,5,1,6
Phaeospirillum fulvum,0,1,1
Neisseria canis,1,0,1
Clostridium papyrosolvens,12,0,12
Neptuniibacter caesariensis,1,0,1
Sporosarcina ureae,11,0,11
Achromobacter denitrificans,17,0,17
Diabrotica virgifera virgifera,1,0,1
Ureaplasma urealyticum,6,0,6
Prevotella buccae,1,0,1
Phaseolus lunatus,4,0,4
Psychrobacter immobilis,1,0,1
Methylophaga aminisulfidivorans,2,0,2
Oncorhynchus kisutch,11,0,11
Aerococcus viridans,14,3,17
Thermotoga hypogea,7,0,7
Bacillus amyloliquefaciens,89,14,103
Elysia chlorotica,1,0,1
Methanobrevibacter smithii,1,0,1
Haloferax lucentense,10,0,10
Mycobacterium goodii,3,0,3
Mycobacterium phlei,83,13,96
Methanohalophilus portucalensis,6,1,7
Clostridium acetobutylicum,82,11,93
Eucalyptus gunnii,2,0,2
Potamotrygon motoro,4,0,4
Camellia sinensis,76,5,81
Nicotiana plumbaginifolia,3,0,3
Digitalis purpurea,1,3,4
Platichthys flesus,7,0,7
Phytophthora infestans,4,1,5
Populus alba,2,1,3
Streptococcus thermophilus,35,7,42
Suaeda linifolia,1,0,1
Bothrops pirajai,4,0,4
Rubus plicatus,5,0,5
Prunus dulcis,52,4,56
Vulcanithermus mediatlanticus,4,0,4
Synanceia verrucosa,0,1,1
Sanguinaria canadensis,16,0,16
Gloydius halys,3,0,3
Farfantepenaeus californiensis,1,0,1
Helix pomatia,47,2,49
Bromus inermis,0,5,5
Prunus padus,12,2,14
Bacillus methanolicus,18,6,24
Cetacea,1,0,1
Heliothis virescens,16,4,20
Brassica rapa,7,3,10
Haloarcula marismortui,17,2,19
Borrelia burgdorferi,47,0,47
Pinus banksiana,5,0,5
Thermotoga thermarum,12,2,14
Leuconostoc pseudomesenteroides,3,0,3
Ipomoea hederacea,1,0,1
Cosmopolites sordidus,7,0,7
Mugil cephalus,1,1,2
Anoxybacillus flavithermus,8,1,9
Streptomyces cinnamoneus,8,1,9
Streptomyces psammoticus,12,0,12
Propionibacterium acnes,6,0,6
Methanosarcina mazei,17,6,23
Desulfomicrobium norvegicum,2,0,2
Comamonas testosteroni,167,16,183
Corynebacterium ulcerans,2,0,2
Vigna radiata var. radiata,201,42,243
Eubacterium oxidoreducens,10,0,10
Rothia dentocariosa,1,1,2
Desulfovibrio gigas,31,1,32
Littorina littorea,42,3,45
Daphnia magna,6,0,6
Burkholderia dolosa,4,0,4
Serpens flexibilis,3,0,3
Ficus benjamina,0,1,1
Necator americanus,1,0,1
Methanobacterium ivanovii,1,0,1
Thermithiobacillus tepidarius,1,1,2
Cichla ocellaris,15,0,15
Halorhodospira halochloris,10,3,13
Burkholderia caryophylli,5,1,6
Sus scrofa,4515,437,4952
Spirillospora albida,0,1,1
Candida mycoderma,15,2,17
Vespula maculifrons,2,0,2
Bombyx mori,127,14,141
Hippoglossus hippoglossus,1,1,2
Micromonospora viridifaciens,2,0,2
Astragalus racemosus,5,0,5
Sophora flavescens,7,0,7
Dactylis glomerata,2,0,2
Thermoleophilum minutum,1,0,1
Fasciola hepatica,89,16,105
Mytilus galloprovincialis,20,9,29
Thermodesulfobacterium thermophilum,1,0,1
Ctenopharyngodon idella,2,0,2
Flavobacterium saccharophilum,17,0,17
Cryptopygus antarcticus,3,0,3
Heliotropium angiospermum,1,0,1
Yersinia frederiksenii,4,0,4
Pseudomonas oryzihabitans,0,1,1
Eleutherococcus senticosus,1,0,1
Desulfovibrio alaskensis,0,1,1
Caloramator fervidus,5,1,6
Eutrema japonicum,9,4,13
Streptococcus sobrinus,3,1,4
Nicotiana langsdorffii,0,1,1
Anabaena cylindrica,12,3,15
Gadus chalcogrammus,16,2,18
Shewanella amazonensis,9,0,9
Sporosarcina pasteurii,74,2,76
Clostridium cellulovorans,3,2,5
Lupinus arboreus,12,0,12
Lytechinus pictus,11,2,13
Tetraselmis maculata,10,0,10
Entamoeba invadens,2,1,3
Cichorium endivia,11,2,13
Gecarcinus lateralis,0,1,1
Eupatorium cannabinum,5,0,5
Enterococcus faecalis,584,42,626
Piaractus mesopotamicus,0,1,1
Katsuwonus pelamis,12,0,12
Duboisia leichhardtii,0,4,4
Pseudopleuronectes yokohamae,5,0,5
Necturus maculosus,4,0,4
Meriones unguiculatus,23,5,28
Phleum pratense,2,0,2
Lactococcus raffinolactis,0,1,1
Sesamum indicum,8,3,11
Cephaloleia presignis,7,1,8
Streptomyces corchorusii,4,0,4
Lasallia pustulata,2,0,2
Shewanella oneidensis,10,3,13
Boops boops,9,0,9
Paracoccus pantotrophus,18,7,25
Carapichea ipecacuanha,28,0,28
Vaucheria litorea,0,1,1
Clostridium bifermentans,1,0,1
Forsythia ovata,1,0,1
Dioscorea rotundata,14,1,15
Asclepias curassavica,22,0,22
Acidovorax avenae,2,1,3
Rhodopila globiformis,0,1,1
Bruguiera sexangula,2,2,4
Setaria italica,0,1,1
Streptomyces albulus,6,0,6
Hypoderma lineatum,1,0,1
Bombus terrestris,3,3,6
Bothrops jararaca,26,0,26
Velesunio ambiguus,3,0,3
Pouteria sapota,7,3,10
Annona cherimola,2,0,2
Mycoplasma arthritidis,14,1,15
Kluyvera cryocrescens,6,1,7
Clostridium novyi,1,0,1
Mallomonas caudata,1,0,1
Streptomyces nitrosporeus,1,0,1
Nepenthes ampullaria,2,0,2
Bacillus clausii,12,2,14
Pimephales promelas,0,1,1
Pyrobaculum aerophilum,22,2,24
Scrobicularia plana,6,0,6
Helix aspersa,12,6,18
Pseudoalteromonas carrageenovora,5,0,5
Gordonia rubripertincta,7,0,7
Persea americana,29,20,49
cress,1,0,1
Caenorhabditis elegans,135,47,182
Pinus strobus,1,0,1
Bacillus alcalophilus,2,1,3
Ruminococcus flavefaciens,12,0,12
Dietzia maris,15,0,15
Streptococcus ratti,3,2,5
Staphylococcus caprae,3,0,3
Taxus cuspidata,9,2,11
Manduca sexta,99,27,126
Thermotoga petrophila,8,0,8
Paenibacillus barcinonensis,1,1,2
Coturnix coturnix,1,0,1
Dahlia pinnata,18,2,20
Thermoplasma acidophilum,119,29,148
Aptenia cordifolia,13,2,15
Hemachatus haemachatus,1,0,1
Geobacillus caldoxylosilyticus,7,2,9
Clostridium botulinum,206,23,229
Agkistrodon piscivorus leucostoma,3,0,3
Methanohalophilus mahii,2,0,2
Desulfitobacterium hafniense,10,1,11
Thermus aquaticus,73,16,89
Azoarcus evansii,15,2,17
Callistephus chinensis,13,0,13
Spisula solidissima,1,0,1
Perilla frutescens,17,4,21
Artemia salina,35,7,42
Anguilla japonica,0,5,5
Alligator mississippiensis,2,1,3
Serratia proteamaculans,22,0,22
Drosophila hydei,1,0,1
Hyphomicrobium methylovorum,82,0,82
Prevotella denticola,2,0,2
Prevotella oralis,1,0,1
Magnetospirillum magnetotacticum,2,0,2
Hylobates pileatus,2,0,2
Lathyrus sativus,50,1,51
Tamarindus indica,0,2,2
Azomonas insignis,1,0,1
Metallosphaera hakonensis,1,2,3
Datura stramonium,19,8,27
Bactris gasipaes,3,1,4
Ananas comosus,49,14,63
Olea europaea,37,0,37
Neobellieria bullata,10,0,10
Kocuria rosea,47,1,48
Harmonia axyridis,2,0,2
Saccharopolyspora erythraea,35,1,36
Catenovulum agarivorans,7,0,7
Vibrio alginolyticus,69,20,89
Methanococcoides burtonii,1,0,1
Rauvolfia vomitoria,1,0,1
Streptomyces laurentii,2,0,2
Arthrobacter pascens,35,0,35
Streptococcus oralis,1,0,1
Fusobacterium nucleatum,13,4,17
Abutilon theophrasti,1,0,1
Bifidobacterium dentium,4,0,4
Saduria entomon,1,0,1
Streptococcus intermedius,0,1,1
Pseudomonas nitroreducens,17,2,19
Thermococcus kodakarensis,43,24,67
Debaryomyces hansenii,56,3,59
Mesembryanthemum crystallinum,1,0,1
Apium graveolens,21,2,23
Cyprinus carpio,105,14,119
Artemia franciscana,1,0,1
Lactuca sativa,61,17,78
Canavalia ensiformis,291,2,293
Ovis aries aries,72,6,78
Cupiennius salei,8,0,8
Raja clavata,2,0,2
Thermoanaerobacter italicus,1,0,1
Clostridium baratii,7,2,9
Streptococcus pneumoniae,738,21,759
Alicyclobacillus sendaiensis,1,0,1
Phytolacca americana,1,0,1
Bothrops atrox,22,2,24
Dermasterias imbricata,1,0,1
Notropis hudsonius,0,1,1
Umbellularia californica,15,5,20
Felis catus,59,11,70
Mycobacterium abscessus,9,0,9
Udotea flabellum,5,0,5
Paucimonas lemoignei,26,1,27
Sedimentibacter hydroxybenzoicus,14,0,14
Tulipa gesneriana,12,1,13
Streptomyces rochei,11,0,11
Albibacter methylovorans,2,1,3
Thermococcus profundus,2,0,2
Streptomyces mobaraensis,30,1,31
Enterococcus casseliflavus,3,0,3
Urochloa panicoides,7,3,10
shark,11,0,11
Bacteroides xylanisolvens,3,0,3
Streptococcus equi,3,0,3
Parthenocissus tricuspidata,1,0,1
Solanum habrochaites,1,0,1
Pimpinella anisum,17,0,17
Withania somnifera,13,1,14
Styela plicata,10,0,10
Helicobacter pylori,467,29,496
Mentha x piperita,37,4,41
Streptomyces alboniger,2,0,2
Phaseolus coccineus,5,0,5
Pediococcus pentosaceus,47,2,49
Chionodraco hamatus,2,0,2
Betula pendula,0,1,1
Cellvibrio mixtus,1,0,1
Rhodococcus erythropolis,157,10,167
Eidolon helvum,8,0,8
Callospermophilus lateralis,11,0,11
Leifsonia aquatica,1,0,1
Brevundimonas diminuta,45,8,53
Streptomyces anulatus,1,1,2
plant,1,2,3
Lyrodus pedicellatus,2,0,2
Mougeotia scalaris,0,4,4
Apis mellifera,82,16,98
Pseudomonas savastanoi,41,0,41
Portulaca oleracea,16,0,16
Dryopteris filix-mas,1,1,2
Clostridium josui,4,2,6
Vigna unguiculata,61,10,71
Trimeresurus stejnegeri,5,0,5
Thermococcus litoralis,71,7,78
Ancylobacter aquaticus,5,0,5
Prunus mume,10,1,11
Astacus astacus,40,0,40
Ruminobacter amylophilus,12,1,13
Streptomyces griseoviridis,13,2,15
Cryptococcus terreus,0,1,1
Phalaris aquatica,5,0,5
Polysiphonia urceolata,0,1,1
Prevotella intermedia,8,0,8
Arabella iricolor,3,0,3
Petromyzon marinus,2,1,3
Hyoscyamus niger,84,9,93
Oenococcus oeni,22,5,27
Clostridium symbiosum,38,5,43
Microbulbifer thermotolerans,7,0,7
Yersinia pseudotuberculosis,17,1,18
Bacteroides vulgatus,4,1,5
Sporobolomyces roseus,1,0,1
Streptomyces yokosukanensis,6,0,6
Shigella sonnei,15,0,15
Anaerobranca gottschalkii,8,1,9
Acinetobacter johnsonii,19,0,19
Drosera capensis,2,0,2
Macroptilium atropurpureum,3,0,3
Haliotis cracherodii,1,0,1
Methanothermobacter marburgensis,31,4,35
Parawixia bistriata,6,1,7
Xanthomonas vasicola,1,0,1
Columba livia,53,5,58
Fusobacterium mortiferum,3,1,4
Tribolium confusum,2,0,2
Musa x paradisiaca,42,10,52
Cricetidae,0,1,1
Streptococcus mitis,26,4,30
Edwardsiella tarda,3,15,18
Bacillus agaradhaerens,11,5,16
Oncorhynchus masou,5,0,5
Chaetoceros decipiens,1,0,1
Pediococcus damnosus,5,1,6
Porphyridium purpureum,10,0,10
Oceanobacillus oncorhynchi,7,0,7
Ajuga reptans,0,2,2
Proteus mirabilis,65,1,66
Paenibacillus illinoisensis,0,5,5
Streptomyces cinnamonensis,20,2,22
Clostridium kluyveri,64,8,72
Anaerobiospirillum succiniciproducens,1,0,1
Biomphalaria glabrata,12,2,14
Vinca major,1,0,1
Anoxybacillus amylolyticus,5,0,5
Ipomoea batatas,97,28,125
Rhynchophorus palmarum,6,0,6
Thermobifida alba,4,0,4
More,3,0,3
Streptomyces griseocarneus,12,3,15
Scophthalmus maximus,3,0,3
Flaveria bidentis,15,1,16
Urocitellus richardsonii,3,5,8
Bordetella bronchiseptica,13,0,13
Ophiophagus hannah,8,0,8
Nocardia asteroides,25,1,26
Pseudomonas chlororaphis,40,3,43
Dicentrarchus labrax,45,3,48
Brachyspira pilosicoli,5,0,5
Pantoea ananatis,4,4,8
Cylindrotheca fusiformis,1,0,1
Alcaligenes faecalis,134,27,161
Labrenzia aggregata,2,0,2
Rubrivivax gelatinosus,21,17,38
Thermococcus waiotapuensis,1,0,1
Novosphingobium aromaticivorans,8,0,8
Odontella sinensis,6,2,8
Rhodotorula graminis,47,2,49
Chryseobacterium indologenes,3,0,3
Abrus precatorius,1,0,1
Argopecten irradians concentricus,9,2,11
Thermococcus pacificus,2,1,3
Cricetinae,17,15,32
Cuscuta pentagona,3,0,3
Streptomyces avermitilis,15,6,21
Corallina officinalis,1,1,2
Acer pseudoplatanus,14,1,15
Tropaeolum majus,23,12,35
Zobellia galactanivorans,2,0,2
Chaerophyllum bulbosum,0,2,2
Klebsiella pneumoniae,312,57,369
Peptoniphilus asaccharolyticus,20,3,23
Loxosceles gaucho,1,0,1
Streptomyces plicatus,16,0,16
Pseudoalteromonas elyakovii,8,6,14
Archaea,1,2,3
Prunus serotina,18,0,18
Peganum harmala,3,1,4
Chlorophyceae,1,0,1
Marthasterias glacialis,27,2,29
Aeropyrum pernix,100,8,108
Pontonia pinnophylax,2,0,2
Haloarcula japonica,1,0,1
Lactobacillus pentosus,25,2,27
Caldanaerobius polysaccharolyticus,14,0,14
Ginglymostoma cirratum,2,0,2
Dioscorea bulbifera,18,0,18
Massilia timonae,2,0,2
Osmerus mordax,2,0,2
Plumeria obtusa,4,3,7
Clupea harengus,1,0,1
Drosophila pseudoobscura,0,2,2
Ochrobactrum anthropi,41,5,46
Mastigocladus laminosus,14,2,16
Misgurnus mizolepis,15,4,19
Desulfovibrio desulfuricans,49,1,50
Lepidochelys kempii,1,1,2
Zea mays,895,147,1042
Anguilla anguilla,4,1,5
Euphorbia characias,18,2,20
Anguilla rostrata,2,1,3
Prunus yedoensis,2,0,2
Bothrops jararacussu,21,0,21
Actinoplanes auranticolor,0,1,1
Clostridium purinilyticum,2,0,2
Bacteroides thetaiotaomicron,32,2,34
Lactococcus lactis,224,47,271
Ilyobacter tartaricus,1,0,1
Montipora capitata,5,0,5
Hanseniaspora valbyensis,10,1,11
Cupriavidus metallidurans,11,1,12
Pseudomonas fluorescens,404,75,479
Pleurodeles waltl,3,0,3
Halobacillus halophilus,2,1,3
Bifidobacterium adolescentis,4,13,17
Rhodococcus pyridinivorans,0,1,1
Ferroplasma acidiphilum,4,0,4
Acanthamoeba castellanii,28,13,41
Burkholderia ambifaria,4,0,4
Paralithodes camtschaticus,8,0,8
Dictyoglomus turgidum,5,0,5
Entamoeba histolytica,221,21,242
Streptomyces glaucescens,76,0,76
Methanosarcina thermophila,107,27,134
Thiobacillus denitrificans,14,0,14
Leuconostoc citreum,1,0,1
Monopterus albus,2,1,3
Nicotiana tabacum,339,83,422
Gluconacetobacter diazotrophicus,22,1,23
salmon,15,0,15
Salinivibrio costicola,14,4,18
Pavlova gyrans,1,0,1
Oligotropha carboxidovorans,4,0,4
Pseudomonas stutzeri,102,14,116
Loligo vulgaris,3,0,3
Haloferax denitrificans,4,0,4
Thauera selenatis,1,1,2
Ipomoea purpurea,2,0,2
Cavia aperea,7,1,8
Oryza sativa,506,122,628
Paenibacillus polymyxa,27,1,28
Trifolium incarnatum,7,3,10
Mycobacterium fortuitum,3,0,3
Pilimelia terevasa,0,1,1
Dosidicus gigas,10,4,14
Bacillus coagulans,82,25,107
Corchorus olitorius,4,1,5
Pyrococcus yayanosii,10,0,10
Bacillus mycoides,14,0,14
Arthrobacter nicotinovorans,28,11,39
Acetabularia acetabulum,14,2,16
Exiguobacterium acetylicum,14,0,14
Gloydius ussuriensis,1,0,1
Tinca tinca,2,0,2
Pseudomonas straminea,41,6,47
Mycobacterium vaccae,2,2,4
Parietaria judaica,13,0,13
Streptomyces antibioticus,36,12,48
Thymus vulgaris,6,0,6
Nocardia iowensis,0,2,2
Jasminum grandiflorum,11,0,11
Streptomyces galilaeus,3,2,5
Solenopsis invicta,1,0,1
Prunus armeniaca,15,4,19
Neisseria subflava,1,0,1
Achromobacter xylosoxidans,68,7,75
Tatlockia micdadei,6,2,8
Ficus elastica,3,1,4
Stylophora pistillata,94,18,112
Callosobruchus chinensis,4,2,6
Jaculus orientalis,12,0,12
Acidomonas methanolica,1,0,1
Decapterus maruadsi,5,1,6
Odontella aurita,1,0,1
Silurus glanis,4,2,6
Ammi majus,13,1,14
Opisthorchis viverrini,1,1,2
Sesbania virgata,1,0,1
Butyrivibrio fibrisolvens,34,4,38
Pseudomonas indica,6,0,6
Chaetopterus variopedatus,2,0,2
Campylobacter jejuni,32,8,40
Chromohalobacter salexigens,3,2,5
Lobularia maritima,0,1,1
Chlorella variegata,3,0,3
Streptomyces lavendulae,18,1,19
Satureja hortensis,1,0,1
Clostridium beijerinckii,9,5,14
Acholeplasma laidlawii,22,25,47
Arthrobacter ureafaciens,33,1,34
Streptococcus uberis,0,1,1
Grammatophora oceanica,1,0,1
Bartonella quintana,4,0,4
Desulfovibrio fructosivorans,1,0,1
Glyceria maxima,2,0,2
Oreochromis mossambicus,3,0,3
Cistus incanus,9,0,9
Digitaria sanguinalis,65,0,65
Geobacter sulfurreducens,3,0,3
Sphingosinicella microcystinivorans,1,0,1
Streptomyces noursei,1,0,1
Streptomyces olivaceus,14,0,14
Bromus kalmii,0,2,2
Oceanobacillus iheyensis,1,0,1
Anser anser,7,3,10
Cristaria plicata,1,0,1
Pyrodictium occultum,2,0,2
Lactobacillus murinus,8,2,10
Desmodium paniculatum,1,0,1
Naja oxiana,5,0,5
Staphylococcus lugdunensis,0,1,1
Dalbergia cochinchinensis,7,0,7
Sulfurihydrogenibium azorense,0,12,12
Natronobacterium gregoryi,7,0,7
Raoultella planticola,7,0,7
Allium cepa,38,7,45
Clostridium tertium,2,0,2
Methanotorris igneus,1,0,1
Fratercula arctica,1,0,1
Streptomyces albidoflavus,8,0,8
Lactobacillus helveticus,79,5,84
Leucaena leucocephala,31,2,33
Moraxella catarrhalis,25,0,25
Helianthus tuberosus,48,5,53
Blautia producta,2,0,2
Thunnus albacares,7,1,8
Clostridium cylindrosporum,32,1,33
Larrea tridentata,0,1,1
Cylindrospermopsis raciborskii,1,0,1
Marchantia polymorpha,10,0,10
Cryptosporidium hominis,23,0,23
Candida parapsilosis,144,5,149
Sarcina ventriculi,6,1,7
Amaranthus viridis,14,1,15
Rhodospirillum rubrum,141,41,182
Cyclotella cryptica,5,1,6
Bonnemaisonia hamifera,0,1,1
Xanthomonas translucens,10,0,10
Loxosceles similis,1,0,1
Methanococcus aeolicus,20,1,21
Pseudomonas azotoformans,11,0,11
Paenibacillus woosongensis,8,1,9
Desulfovibrio vulgaris,35,8,43
Streptomyces exfoliatus,18,0,18
Microbacterium arborescens,1,0,1
Arthrobacter nicotianae,44,6,50
Canis lupus,8,0,8
Gloydius blomhoffii,9,0,9
Acidianus ambivalens,29,5,34
Papio ursinus,8,0,8
Bitis gabonica,4,0,4
Bartonella birtlesii,1,0,1
Legionella pneumophila,26,15,41
Azorhizobium caulinodans,1,2,3
Paenibacillus amylolyticus,1,0,1
Buccinum undatum,1,0,1
Malonomonas rubra,7,0,7
Salimicrobium halophilum,1,4,5
Sphaerotilus natans,4,3,7
Oryctolagus,21,0,21
Methyloversatilis universalis,0,1,1
Treponema denticola,54,7,61
Xanthisma gracile,6,1,7
Lemna minor,12,2,14
Cyamopsis tetragonoloba,5,0,5
Epinephelus coioides,8,0,8
Xiphophorus hellerii,1,0,1
Dianthus caryophyllus,22,3,25
Linum usitatissimum,14,7,21
Labeo rohita,7,10,17
Pteropus alecto,1,0,1
Eriocheir sinensis,1,0,1
Bacillus licheniformis,227,59,286
Allium fistulosum,4,1,5
Megasphaera elsdenii,16,3,19
Sulfurospirillum barnesii,1,0,1
Laribacter hongkongensis,3,0,3
Forsythia suspensa,2,0,2
Lactobacillus amylovorus,31,0,31
Mannheimia haemolytica,27,2,29
Thermoanaerobacter kivui,1,2,3
Salvia splendens,21,0,21
Thauera aromatica,15,4,19
Lymnaea stagnalis,5,1,6
Methanothermus fervidus,2,0,2
Galium mollugo,1,4,5
Gossypium arboreum,1,0,1
Pelobacter acidigallici,2,1,3
Selenomonas ruminantium,48,5,53
Tetraodon nigroviridis,0,1,1
Thunbergia alata,2,0,2
Mycobacterium ulcerans,4,0,4
Brochothrix thermosphacta,4,2,6
Bromus diandrus var. rigidus,0,2,2
Torulopsis versatilis,13,0,13
Bothrops asper,3,3,6
Agarivorans albus,11,4,15
Streptomyces rimosus,18,6,24
Lactobacillus fermentum,38,2,40
Beggiatoa alba,2,0,2
Neanthes virens,24,4,28
Rhodocyclus tenuis,11,17,28
Neisseria perflava,7,1,8
Loxosceles laeta,2,0,2
Bacillus megaterium,232,69,301
Terrabacter ginsenosidimutans,2,0,2
Virgibacillus halodenitrificans,1,0,1
Lytechinus variegatus,8,0,8
Bacteroides fragilis,86,7,93
Calloselasma rhodostoma,12,0,12
Dehalobacter restrictus,2,0,2
Cirrhinus mrigala,11,0,11
Alternanthera pungens,1,2,3
Atriplex nummularia,0,1,1
Strongylocentrotus purpuratus,61,5,66
Pseudomonas fragi,50,2,52
Natronomonas pharaonis,5,0,5
Nephrolepis cordifolia,3,0,3
Streptomyces collinus,22,1,23
Farfantepenaeus paulensis,2,0,2
Amaranthus tricolor,0,1,1
Cyanobacteria,0,1,1
Coprothermobacter proteolyticus,5,2,7
Pseudomonas boreopolis,1,0,1
Crypthecodinium cohnii,7,0,7
Phormia regina,34,4,38
Chlamydomonas reinhardtii,296,68,364
Walterinnesia aegyptia,17,0,17
Hydrogenophaga intermedia,1,0,1
Papio hamadryas,35,0,35
Thermoanaerobacterium saccharolyticum,11,0,11
Phaeodactylum tricornutum,30,7,37
Dictyoglomus thermophilum,4,0,4
Sphingobium herbicidovorans,3,2,5
Gluconobacter cerinus,15,0,15
Crotalus durissus terrificus,4,0,4
Picrophilus torridus,92,0,92
Toxicodendron vernicifluum,4,6,10
Streptomyces fradiae,54,4,58
Thiobacillus thioparus,67,7,74
Seriola quinqueradiata,8,0,8
Lactobacillus curvatus,14,3,17
Streptomyces nogalater,6,0,6
Erwinia pyrifoliae,1,1,2
Paralichthys olivaceus,60,13,73
Narcissus pseudonarcissus,4,1,5
Helianthus annuus,73,19,92
Kalanchoe daigremontiana,4,0,4
Taxus brevifolia,4,2,6
Nicotiana glutinosa,19,2,21
Rhodococcus ruber,1,1,2
Brassica juncea,118,7,125
Artemisia annua,11,1,12
Naja mossambica,2,0,2
Acanthophis rugosus,1,0,1
Pan troglodytes,2,2,4
Streptomyces chartreusis,5,0,5
Bacillus halodurans,42,5,47
Zavarzinia compransoris,0,1,1
Bromus carinatus,0,2,2
Moritella profunda,5,1,6
Triphysaria versicolor,1,0,1
Atriplex spongiosa,12,3,15
Phaseolus vulgaris,302,75,377
Microbacterium trichothecenolyticum,2,0,2
Streptococcus gallolyticus,8,3,11
Chenopodium quinoa,2,0,2
Lotus corniculatus,3,0,3
Veillonella parvula,40,2,42
Shewanella algae,1,2,3
Bifidobacterium longum,42,3,45
Callinectes sapidus,1,0,1
Cynara cardunculus,2,0,2
Microbacterium liquefaciens,3,0,3
Haloarcula hispanica,1,0,1
Chlorobium limicola,19,0,19
Pseudomonas carboxydohydrogena,1,0,1
Deinococcus radiophilus,23,0,23
Microtetraspora glauca,2,0,2
Ximenia americana,4,0,4
Streptococcus downei,0,1,1
Streptococcus dysgalactiae,27,0,27
Anethum graveolens,3,0,3
Bacillus cereus,368,50,418
Myxococcus xanthus,94,1,95
Helicobacter hepaticus,0,1,1
Coix lacryma-jobi,0,1,1
Fibrobacter succinogenes,15,3,18
Nepenthes distillatoria,7,0,7
Naja kaouthia,3,0,3
Syntrophobacter fumaroxidans,1,0,1
Zabrotes subfasciatus,7,0,7
Cystoseira tamariscifolia,8,0,8
Equus caballus,775,36,811
Morella rubra,0,1,1
Brassica nigra,22,1,23
Bos taurus,7347,1029,8376
Enterococcus avium,4,0,4
Pinus pinaster,2,1,3
Octopus vulgaris,6,5,11
Bartonella bacilliformis,4,0,4
Mycobacterium gastri,5,0,5
Charybdis japonica,13,0,13
Paramecium caudatum,1,0,1
Staphylococcus warneri,8,1,9
Sphingobium xenophagum,4,1,5
Methanococcus maripaludis,45,26,71
Funaria hygrometrica,3,2,5
Cucurbita moschata,18,0,18
Urophycis chuss,10,2,12
Agromyces mediolanus,2,0,2
Caenorhabditis briggsae,0,1,1
Oncorhynchus tshawytscha,16,3,19
Dyella ginsengisoli,5,0,5
Vibrio vulnificus,10,2,12
Nototodarus sloanii,5,0,5
Ophelia neglecta,4,0,4
Bacillus circulans,186,26,212
Viola tricolor,5,0,5
Cistanche deserticola,12,0,12
Pseudomonas syringae,61,13,74
Amorphophallus konjac,9,1,10
Methanobacterium formicicum,4,3,7
Pectobacterium carotovorum,47,17,64
Citrus x paradisi,22,1,23
Cenchrus purpureus,1,0,1
Lycopus europaeus,1,0,1
Eschscholzia californica,17,6,23
Lolium multiflorum,6,0,6
Thiocapsa roseopersicina,6,1,7
Orobanche minor,5,0,5
Spodoptera litura,0,1,1
Ruta graveolens,47,2,49
Haematococcus pluvialis,1,5,6
Streptomyces virginiae,9,0,9
Streptomyces thioluteus,1,0,1
Staphylococcus hominis,5,0,5
Methylosinus trichosporium,34,1,35
Galeus melastomus,1,1,2
Streptomyces kanamyceticus,0,1,1
Polyides rotundus,0,1,1
Periplaneta brunnea,2,0,2
Macaca fascicularis,42,13,55
Streptomyces parvulus,21,0,21
Ipomoea carnea,31,1,32
Burkholderia pseudomallei,19,2,21
Rhodobacter capsulatus,132,39,171
Methylopila helvetica,2,1,3
Citrobacter koseri,5,0,5
Mycoplasma suis,2,0,2
Elaeis guineensis,2,0,2
Clarias gariepinus,4,5,9
Sulfolobus shibatae,34,8,42
Providencia stuartii,39,1,40
Sepioteuthis sepioidea,1,0,1
Haemophilus aegyptius,8,0,8
Eisenia andrei,7,0,7
Esox lucius,1,0,1
Halomonas halodenitrificans,3,0,3
Nicotiana sylvestris,15,0,15
Actinia equina,3,2,5
Melilotus albus,14,3,17
Mycoplasma dispar,1,0,1
Limnoria quadripunctata,2,0,2
Burkholderia thailandensis,36,0,36
Aeromonas salmonicida,0,2,2
Gadus macrocephalus,8,0,8
Phascolopsis gouldii,1,0,1
Microbacterium saperdae,5,0,5
Embryophyta,19,8,27
Luciola cruciata,4,2,6
Filipendula vulgaris,1,0,1
Colwellia psychrerythraea,10,2,12
Macrobrachium nipponense,4,3,7
Panulirus versicolor,1,0,1
Bacteroides polypragmatus,1,3,4
Equisetum arvense,0,1,1
Arthrobacter crystallopoietes,17,0,17
Nicotiana glauca,8,3,11
Lactobacillus panis,1,0,1
Pieris rapae,2,0,2
Archaeoglobus fulgidus,106,27,133
Nephtys hombergii,2,0,2
Synechococcus elongatus,12,5,17
Lycium barbarum,3,0,3
Ovophis okinavensis,2,0,2
Atriplex hortensis,0,1,1
Asparagus setaceus,4,3,7
Bryum argenteum,0,3,3
Catostomus commersonii,0,1,1
Listeria seeligeri,5,0,5
Setaria viridis,67,0,67
Paralabrax nebulifer,1,1,2
Prosthecochloris vibrioformis,10,1,11
Triturus carnifex,1,1,2
Merluccius productus,3,0,3
Pinus halepensis,1,0,1
Gracilaria gracilis,4,0,4
Engraulis japonicus,6,0,6
Riccia fluitans,8,8,16
Brassica napus,94,30,124
Streptomyces aureofaciens,64,14,78
Deinococcus radiodurans,63,10,73
Acidithiobacillus ferrooxidans,58,14,72
Delftia acidovorans,73,9,82
Paenibacillus macerans,20,17,37
Euonymus alatus,35,5,40
Pituophis deppei,1,0,1
Streptomyces morookaense,0,3,3
Streptomyces purpurascens,5,0,5
Polytrichum commune,5,0,5
Xenorhabdus bovienii,1,0,1
Microbacterium luteolum,3,1,4
Bacteroides intestinalis,0,2,2
Pusa hispida ladogensis,7,0,7
Clarkia breweri,26,1,27
Zoysia tenuifolia,1,0,1
Pigeon,39,4,43
Taxus baccata,5,1,6
Sporolactobacillus laevolacticus,4,2,6
Epinephelus malabaricus,1,0,1
Prevotella nigrescens,4,0,4
Coccochloris peniocystis,17,2,19
Bison bison,1,3,4
Bubalus bubalis,20,8,28
Anoxybacillus gonensis,3,0,3
Thermobispora bispora,0,1,1
Pinus massoniana,1,0,1
Panax ginseng,9,4,13
Taxus x media,0,4,4
Cellulomonas biazotea,1,0,1
Ameiurus nebulosus,1,3,4
Saprolegnia monoica,9,3,12
Sulfurospirillum multivorans,14,0,14
Geobacillus stearothermophilus,471,65,536
Manihot esculenta,43,1,44
Erwinia rhapontici,5,2,7
Sorbus aucuparia,2,2,4
Haloarcula vallismortis,27,12,39
Sulfophobococcus zilligii,3,2,5
Peltigera aphthosa,2,0,2
Sphingomonas wittichii,4,0,4
Agama agama,6,0,6
Eleusine coracana,22,4,26
Clostridium innocuum,1,2,3
Lactobacillus sakei,29,1,30
Aeromonas hydrophila,60,28,88
Todarodes pacificus,37,10,47
Acremonium,4,1,5
Vitis labrusca,4,0,4
Pseudomonas anguilliseptica,5,0,5
Pseudonaja textilis,1,1,2
Arenicola marina,9,1,10
Clostridium pasteurianum,89,22,111
Thermoproteus tenax,30,16,46
Streptomyces violaceoruber,16,0,16
Chiloscyllium punctatum,2,1,3
Nesterenkonia xinjiangensis,5,1,6
Nephrolepis exaltata,1,0,1
Streptomyces flocculus,4,0,4
Delonix regia,19,0,19
Astragalus sinicus,6,0,6
Coxiella burnetii,4,0,4
Lumbricus terrestris,14,8,22
Liposcelis entomophila,9,3,12
Cuscuta reflexa,8,0,8
Colossoma macropomum,13,0,13
Thunnus thynnus,3,1,4
Burkholderia gladioli,4,0,4
Lonicera japonica,21,1,22
Liposcelis paeta,10,1,11
Thalassiosira weissflogii,10,0,10
Coturnix japonica,10,0,10
Phaseolus acutifolius,0,1,1
Arum italicum,4,3,7
Dinobryon sociale,1,0,1
Mycoplasma genitalium,6,1,7
Quercus glauca,1,0,1
Trifolium repens,3,0,3
Bifidobacterium animalis,1,1,2
Borassus flabellifer,10,2,12
Chaetoceros socialis,1,0,1
Streptomyces viridochromogenes,2,0,2
Streptococcus acidominimus,0,1,1
Crassostrea virginica,9,1,10
Cellulosimicrobium cellulans,7,0,7
Trygonorrhina fasciata,2,0,2
Eledone cirrhosa,6,0,6
Uronema marinum,6,1,7
Calliphoridae,10,8,18
Clostridium subterminale,3,4,7
Bothrops alternatus,6,0,6
Acetobacterium woodii,31,7,38
Ceratitis capitata,17,0,17
Sulfurospirillum deleyianum,6,5,11
Zymomonas mobilis,161,15,176
Aquifex pyrophilus,4,5,9
Champsocephalus gunnari,0,1,1
Pandalus borealis,2,0,2
Flavobacterium frigidimaris,31,0,31
Hypericum androsaemum,0,1,1
Robinia pseudoacacia,2,2,4
Lechevalieria aerocolonigenes,9,0,9
Dioscorea cayenensis,11,1,12
Thermochromatium tepidum,1,0,1
Yersinia enterocolitica,17,1,18
Streptomyces viridiviolaceus,2,0,2
Maricaulis maris,2,1,3
Moritella marina,7,1,8
Methylobacillus flagellatus,16,2,18
Thermomicrobium roseum,11,0,11
Mercenaria mercenaria,8,0,8
Scomber japonicus,7,0,7
Microcystis aeruginosa,17,0,17
Carica papaya,169,20,189
Thermococcus chitonophagus,3,0,3
Aphis gossypii,4,2,6
Geobacillus thermoglucosidasius,28,3,31
Cryphonectria parasitica,18,0,18
Malus pumila,0,1,1
Arthrobacter phenanthrenivorans,1,0,1
Clostridium sordellii,2,0,2
snake,6,0,6
Isoptericola jiangsuensis,2,0,2
Methanococcus vannielii,13,1,14
Thermococcus fumicolans,2,0,2
Burkholderia xenovorans,19,2,21
Bacillus weihenstephanensis,4,0,4
Tropidechis carinatus,0,2,2
Aiptasia pallida,2,3,5
Bothrops neuwiedi,2,0,2
Morganella morganii,61,4,65
Gammarus pulex,4,0,4
Planomonospora venezuelensis,0,1,1
Arabidopsis thaliana,1208,277,1485
Saccharomyces cerevisiae,3840,580,4420
Wolinella succinogenes,8,1,9
Gloydius shedaoensis,2,0,2
Lamprobacter modestohalophilus,4,0,4
Heterodontus portusjacksoni,9,0,9
Bacillus pumilus,67,4,71
Bifidobacterium breve,21,4,25
Xanthobacter agilis,4,0,4
Amaranthus cruentus,1,0,1
Myxine glutinosa,6,0,6
Moraxella osloensis,3,1,4
Sitobion avenae,5,0,5
Testudinidae,7,0,7
Alexandrium minutum,1,0,1
Haemophilus influenzae,370,26,396
Bromus tectorum,0,2,2
Bacillus nealsonii,6,0,6
Propionibacterium freudenreichii,35,4,39
Streptomyces rubiginosus,12,0,12
Photuris pennsylvanica,35,0,35
Citrus maxima,18,1,19
Xiphophorus maculatus,1,0,1
Acetobacter aceti,42,1,43
Acidothermus cellulolyticus,1,0,1
Ficus benghalensis,0,1,1
Zonotrichia albicollis,4,0,4
Halobacterium salinarum,76,31,107
Thermofilum pendens,15,7,22
Senna obtusifolia,2,0,2
Agkistrodon piscivorus piscivorus,2,2,4
Anabaena variabilis,35,12,47
Diceros bicornis,3,2,5
Rahnella aquatilis,4,0,4
Bacillus mojavensis,10,0,10
Oncorhynchus keta,16,4,20
Scorpaena porcus,4,4,8
Asterionella formosa,2,1,3
Arachis hypogaea,122,51,173
Lepidorhombus boscii,6,0,6
Euonymus japonicus,12,0,12
Rhodotorula aurantiaca,6,3,9
Selaginella lepidophylla,2,4,6
Bubo virginianus,1,0,1
Vogesella indigofera,15,1,16
Aix sponsa,4,0,4
Staphylococcus capitis,4,0,4
Desulfurococcus mucosus,8,0,8
Lamellidens corrianus,1,0,1
Citrobacter freundii,98,23,121
Blattella germanica,17,0,17
Culex quinquefasciatus,41,3,44
Colias eurytheme,4,0,4
Allium sativum,41,2,43
Thermoanaerobacterium thermosaccharolyticum,37,0,37
Agkistrodon contortrix contortrix,7,1,8
Asterococcus superbus,1,0,1
Microbacterium esteraromaticum,9,0,9
Dasyatis pastinaca,2,2,4
Silybum marianum,2,2,4
Rubrobacter xylanophilus,2,0,2
Liza parsia,6,0,6
Pseudocentrotus depressus,0,2,2
Palaemon serratus,17,2,19
Lathyrus cicera,6,0,6
Picrophilus oshimae,2,0,2
Pseudoalteromonas undina,6,2,8
Macrobrachium malcolmsonii,0,1,1
Neovison vison,2,0,2
Mentha x gracilis,2,0,2
Cellulomonas uda,9,0,9
Staphylococcus carnosus,4,0,4
Lymantria dispar,14,3,17
Lentzea albida,1,0,1
Desulfobulbus propionicus,1,0,1
Sinapis alba,43,19,62
Enterobacter hormaechei,8,0,8
Aralia elata,5,0,5
Macaca fuscata,51,6,57
Metroxylon sagu,3,0,3
Ovis ammon,1,1,2
Scyliorhinus canicula,17,3,20
Psidium guajava,6,2,8
Megathyrsus maximus,5,0,5
Ficus religiosa,8,0,8
Rhodotorula flava,4,0,4
Actinomyces viscosus,15,1,16
Ascophyllum nodosum,2,0,2
Pantoea agglomerans,45,4,49
Aneurinibacillus aneurinilyticus,19,2,21
Chondrichthyes,3,0,3
Citrullus lanatus,8,1,9
Onobrychis viciifolia,24,0,24
Torulopsis sphaerica,13,0,13
Sphingobium chlorophenolicum,4,1,5
Trematomus bernacchii,3,0,3
Mesorhizobium loti,17,2,19
Derxia gummosa,36,0,36
Thermococcus sibiricus,11,0,11
Macrobrachium vollenhovenii,10,0,10
Rickettsia prowazekii,1,1,2
Acidithiobacillus thiooxidans,35,1,36
Daboia russelii,32,1,33
Physcomitrella patens,21,8,29
Vaccinium myrtillus,4,0,4
Solanum torvum,4,0,4
Arenibacter latericius,8,0,8
Callinectes danae,4,0,4
Sporobolomyces pararoseus,10,0,10
Triticum aestivum,457,106,563
Loxosceles intermedia,2,0,2
Papio anubis,9,0,9
Laceyella sacchari,34,0,34
Marsupenaeus japonicus,10,3,13
Corynebacterium ammoniagenes,33,4,37
Pediococcus parvulus,5,3,8
Fervidobacterium pennivorans,10,2,12
Pelophylax ridibundus,21,7,28
Pteris vittata,4,6,10
Thermus brockianus,2,0,2
Parona signata,1,0,1
Xenorhabdus nematophila,6,4,10
Scylla serrata,2,0,2
Homarus gammarus,3,0,3
Polytrichum piliferum,2,0,2
Burkholderia vietnamiensis,4,0,4
Carcinus maenas,9,0,9
Unio pictorum,1,0,1
Sphagnum fallax,3,0,3
Matthiola incana,29,1,30
Photobacterium phosphoreum,25,2,27
Camptotheca acuminata,1,3,4
Clitoria ternatea,5,0,5
Acidilobus saccharovorans,5,3,8
Acidiphilium organovorum,4,0,4
Diabrotica virgifera,1,0,1
Arum maculatum,3,0,3
Natronococcus occultus,3,1,4
Mangifera indica,1,0,1
Mammalia,488,122,610
Serratia liquefaciens,6,19,25
Burkholderia stabilis,12,0,12
Lumbricus rubellus,2,0,2
Pyrocystis lunula,16,0,16
Phaeospirillum molischianum,6,17,23
Lactobacillus hilgardii,12,8,20
Cornus officinalis,0,1,1
Corynebacterium flavescens,1,0,1
Thauera chlorobenzoica,1,1,2
Bungarus multicinctus,2,1,3
Mimosa pudica,4,0,4
Aeromonas sobria,11,0,11
Calystegia sepium,11,0,11
Buchnera aphidicola,1,0,1
Moorella thermoacetica,76,8,84
Anticarsia gemmatalis,2,0,2
Salvia officinalis,86,7,93
Aggregatibacter actinomycetemcomitans,2,0,2
Eubacterium limosum,7,0,7
Syntrophus aciditrophicus,1,0,1
Liposcelis bostrychophila,4,1,5
Thioalkalivibrio nitratireducens,6,0,6
Vipera ammodytes ammodytes,11,1,12
Zinnia violacea,3,0,3
Asterias amurensis,2,0,2
Gluconacetobacter liquefaciens,8,1,9
Chenopodium album,67,1,68
Aeribacillus pallidus,39,3,42
Typha latifolia,1,0,1
Synanceia horrida,3,0,3
Paenibacillus curdlanolyticus,0,1,1
Desulfurococcus amylolyticus,3,0,3
Xylella fastidiosa,1,0,1
Cellulomonas fimi,16,3,19
Actinomyces israelii,3,0,3
Rattus rattus,21,1,22
Albatrossia pectoralis,10,0,10
Pseudomonas rhodesiae,1,0,1
Ceratonia siliqua,3,0,3
Naja naja,40,2,42
Carum carvi,4,0,4
Azospirillum brasilense,50,18,68
Geobacillus thermocatenulatus,8,3,11
Mycoplasma hyorhinis,5,0,5
Narcissus tazetta,4,0,4
Tyto alba,0,2,2
Stenotrophomonas rhizophila,0,1,1
Streptomyces wedmorensis,5,0,5
Thermotoga maritima,178,47,225
Clostridium bolteae,1,0,1
Citrobacter braakii,18,3,21
Stenotrophomonas maltophilia,113,12,125
Musa acuminata,37,2,39
Fistularia petimba,1,0,1
Clostridium formicaceticum,5,0,5
Clostridium tetanomorphum,47,15,62
Pseudobutyrivibrio ruminis,1,0,1
Corylus avellana,19,0,19
Pelophylax perezi,1,0,1
Lupinus luteus,98,5,103
Ramonda serbica,5,1,6
Vibrio fluvialis,3,0,3
Staphylococcus saprophyticus,8,1,9
Fundulus heteroclitus,3,7,10
Streptomyces thermoviolaceus,14,1,15
Prevotella buccalis,1,0,1
Argiope aurantia,1,0,1
Pallavicinia lyellii,14,0,14
Ovibos moschatus,2,0,2
Streptomyces diastaticus,7,1,8
Thermoanaerobacter ethanolicus,24,4,28
Pterygoplichthys disjunctivus,12,0,12
Solanum peruvianum,37,1,38
Klebsiella oxytoca,25,8,33
Delesseria sanguinea,0,1,1
Treponema pectinovorum,3,0,3
Sulfitobacter pontiacus,1,0,1
dogfish,12,0,12
Acinetobacter baylyi,19,5,24
Phormidium laminosum,28,0,28
Streptococcus equinus,5,4,9
Clostridium histolyticum,431,0,431
Acipenser gueldenstaedtii,14,0,14
Lunularia cruciata,3,0,3
Brevibacillus laterosporus,26,1,27
Sthenoteuthis oualaniensis,10,0,10
Haloferax mediterranei,34,14,48
Staphylococcus haemolyticus,15,0,15
Lysobacter enzymogenes,15,1,16
Heteropneustes fossilis,9,7,16
Picea rubens,1,0,1
Lilium longiflorum,59,2,61
Trichoplusia ni,22,4,26
Burkholderia lata,3,0,3
Pinus koraiensis,0,1,1
Cymbopogon citratus,5,0,5
Streptomyces roseolus,5,0,5
Alca torda,1,0,1
Naja atra,5,0,5
Streptococcus salivarius,54,12,66
Hyoscyamus albus,0,4,4
Fagus sylvatica,1,0,1
Burkholderia cepacia,114,12,126
Glycyrrhiza glabra,1,0,1
squid,1,9,10
Yersinia intermedia,8,1,9
Nitrobacter hamburgensis,4,0,4
Setaria faberi,2,0,2
Nicotiana alata,1,4,5
Streptomyces cacaoi,5,0,5
Pseudomonas marginalis,23,1,24
Papaver bracteatum,1,1,2
Arthrobacter protophormiae,6,1,7
Streptococcus agalactiae,96,3,99
Acidaminococcus fermentans,13,4,17
Tetragenococcus muriaticus,2,0,2
Pseudoalteromonas espejiana,3,0,3
Avena sativa,128,18,146
Pseudonocardia thermophila,17,2,19
Albizia julibrissin,3,0,3
Selenastrum capricornutum,7,1,8
Cryptomeria japonica,10,0,10
Orconectes limosus,7,0,7
Brucella melitensis,18,1,19
Myzus persicae,1,0,1
Naegleria fowleri,11,22,33
Pisaster ochraceus,2,0,2
Pseudomonas oleovorans,8,1,9
Melissa officinalis,1,0,1
Fungi,4,0,4
Sphingobium japonicum,1,0,1
Rhodoblastus acidophilus,1,4,5
Corynebacterium xerosis,4,0,4
Prochlorococcus marinus,1,1,2
Pinus contorta,11,0,11
Brevibacillus thermoruber,0,1,1
Beta vulgaris,214,39,253
Rauvolfia serpentina,57,0,57
Gadus morhua callarias,7,0,7
Aplysia californica,26,6,32
Suncus murinus,2,0,2
Uria aalge,1,0,1
Clostridium scindens,4,0,4
Asterias rubens,26,4,30
Thermus thermophilus,265,63,328
Litchi chinensis,5,0,5
Camelina sativa,1,1,2
Pinus sylvestris,5,2,7
Ptilota filicina,1,0,1
Persicaria minor,5,1,6
Serratia fonticola,3,0,3
Methanofollis liminatans,5,0,5
Staphylococcus pseudintermedius,4,1,5
Jeotgalibacillus marinus,1,0,1
Fusobacterium varium,3,1,4
Cheilocostus speciosus,5,0,5
Clostridium sphenoides,2,1,3
Streptococcus mutans,127,22,149
Dickeya dadantii,2,2,4
Macaca mulatta,60,33,93
Microlunatus phosphovorus,3,0,3
Paracoccus denitrificans,206,25,231
Staurastrum cingulum,1,0,1
Hydra oligactis,1,1,2
Streptomyces bikiniensis,15,0,15
Streptococcus gordonii,17,4,21
Macrobrachium amazonicum,1,1,2
Nephilengys cruentata,1,0,1
Arthrobacter ilicis,2,0,2
Pseudoalteromonas tetraodonis,3,0,3
Ruminococcus albus,30,8,38
Litopenaeus setiferus,7,0,7
Prunus cerasifera,1,1,2
Haemophilus parasuis,23,0,23
Ophiodon elongatus,1,0,1
Lactobacillus brevis,49,10,59
Eriobotrya japonica,20,0,20
Lactobacillus buchneri,22,2,24
Trimeresurus malabaricus,9,0,9
Pseudomonas synxantha,22,0,22
Azotobacter chroococcum,33,7,40
Streptomyces arenae,1,0,1
Prevotella bivia,4,0,4
Limulus polyphemus,21,5,26
Pyrococcus furiosus,207,58,265
Ceramium deslongchampsii,0,1,1
Thermoanaerobacter thermohydrosulfuricus,45,10,55
Colwellia maris,2,0,2
Thermoactinomyces intermedius,1,0,1
Protophormia terraenovae,4,0,4
trout,15,0,15
Eremosphaera viridis,0,4,4
Pythium ultimum,3,0,3
Petiveria alliacea,1,0,1
Jatropha curcas,6,2,8
Pogostemon cablin,2,0,2
Aulacoseira granulata,1,0,1
Pteris ensiformis,2,2,4
Mytilus edulis,16,7,23
Torpedo marmorata,4,0,4
Pyrocystis fusiformis,16,0,16
Amycolatopsis mediterranei,33,11,44
Laminaria digitata,1,0,1
Heterodera glycines,2,0,2
Saponaria officinalis,3,2,5
Euterpe oleracea,10,1,11
Bacillus thuringiensis,42,20,62
Busycotypus canaliculatus,6,0,6
Carthamus tinctorius,17,3,20
Gadus morhua,21,0,21
Listeria monocytogenes,19,6,25
Rhyzopertha dominica,10,0,10
protozoa,1,1,2
Panicum miliaceum,10,1,11
Papaver rhoeas,2,0,2
Neisseria polysaccharea,1,3,4
Methylovorus mays,1,0,1
Bartonella henselae,6,0,6
Potorous tridactylus,1,0,1
Medicago sativa,94,22,116
Rhodococcus opacus,49,6,55
Mus musculus domesticus,2,0,2
Bothrops moojeni,4,3,7
Gasterosteus aculeatus,0,1,1
Lolium rigidum,12,1,13
Allium tuberosum,3,1,4
Dicranopteris linearis,0,1,1
Tachypleus tridentatus,20,6,26
Caldicellulosiruptor saccharolyticus,33,4,37
Streptomyces albus,19,0,19
Frog,14,1,15
Pythium aphanidermatum,3,0,3
Streptococcus anginosus,8,3,11
Hymenaea courbaril,1,0,1
Bradyrhizobium japonicum,57,12,69
Clonorchis sinensis,19,0,19
Neanthes succinea,2,0,2
Staphylococcus epidermidis,122,3,125
Pelobacter acetylenicus,6,3,9
Trachemys scripta elegans,9,0,9
Mycobacterium smegmatis,311,47,358
Neisseria gonorrhoeae,89,3,92
Capsicum annuum,47,13,60
Nephrops norvegicus,9,3,12
Chironomus riparius,18,0,18
Bothrops cotiara,3,0,3
Amoeba proteus,8,0,8
Rhodosporidium toruloides,56,11,67
Oxydoras sifontesi,1,0,1
Prevotella oris,1,0,1
Hippasa partita,3,1,4
Sulfolobus solfataricus,473,118,591
Culex pipiens,2,1,3
Neisseria cinerea,1,0,1
Lycopodium clavatum,0,1,1
Meiothermus ruber,12,0,12
Pyrus pyrifolia,14,2,16
Streptomyces albaduncus,5,0,5
Silene dioica,14,13,27
Gluconobacter oxydans,170,26,196
Nitzschia thermalis,1,0,1
Larix kaempferi,3,0,3
Anaplasma marginale,4,0,4
Xanthobacter autotrophicus,12,4,16
Sulfolobus metallicus,1,0,1
Podophyllum peltatum,2,0,2
Drosophila melanogaster,516,89,605
Rosa laevigata,0,1,1
Oreochromis niloticus,64,2,66
Fragaria vesca,2,1,3
Chlorella vulgaris,26,21,47
Homo sapiens,48702,4208,52910
Pisum sativum,685,115,800
Clostridium aceticum,0,1,1
Anas platyrhynchos,62,6,68
Clostridium butyricum,43,22,65
Bdellovibrio bacteriovorus,9,2,11
Streptomyces reticuli,2,3,5
Pseudomonas aeruginosa,1330,141,1471
Xanthomonas citri,4,0,4
Vigna angularis,24,7,31
Sebastes schlegelii,1,1,2
Acinetobacter radioresistens,4,0,4
Mycoplasma arginini,1,0,1
Clostridium cochlearium,11,0,11
Oryctolagus cuniculus,2824,421,3245
Halorubrum lacusprofundi,4,0,4
Tribolium castaneum,19,3,22
Ruegeria lacuscaerulensis,8,0,8
Pyrobaculum calidifontis,13,1,14
Bacteria,75,22,97
